-1 -0.364688751661087
-0.97979797979798 -0.37541214059082
-0.95959595959596 -0.384962981348901
-0.939393939393939 -0.39339950297794
-0.919191919191919 -0.400780714964284
-0.898989898989899 -0.407165322565919
-0.878787878787879 -0.412610712140107
-0.858585858585859 -0.417172019590548
-0.838383838383838 -0.420901293499909
-0.818181818181818 -0.423846762806321
-0.797979797979798 -0.426052217049962
-0.777777777777778 -0.427556505287912
-0.757575757575758 -0.428393157783264
-0.737373737373737 -0.428590132550047
-0.717171717171717 -0.42816968681131
-0.696969696969697 -0.427148371435762
-0.676767676767677 -0.425537144490152
-0.656565656565657 -0.423341598210257
-0.636363636363636 -0.420562291981207
-0.616161616161616 -0.417195182354257
-0.595959595959596 -0.41323213973521
-0.575757575757576 -0.408661540180334
-0.555555555555556 -0.403468919745548
-0.535353535353535 -0.397637678067573
-0.515151515151515 -0.391149817321155
-0.494949494949495 -0.383986702400058
-0.474747474747475 -0.376129828112958
-0.454545454545454 -0.367561579366058
-0.434343434343434 -0.358265970716023
-0.414141414141414 -0.348229352309263
-0.393939393939394 -0.337441070063037
-0.373737373737374 -0.325894068972946
-0.353535353535353 -0.313585429630205
-0.333333333333333 -0.300516829377455
-0.313131313131313 -0.286694920999166
-0.292929292929293 -0.27213162340468
-0.272727272727273 -0.256844320390942
-0.252525252525252 -0.240855965238827
-0.232323232323232 -0.224195090572771
-0.212121212121212 -0.206895724569188
-0.191919191919192 -0.188997216206836
-0.171717171717172 -0.170543973784988
-0.151515151515151 -0.151585122367781
-0.131313131313131 -0.13217408712234
-0.111111111111111 -0.112368110683655
-0.0909090909090908 -0.0922277136829019
-0.0707070707070706 -0.0718161084032189
-0.0505050505050504 -0.0511985761665548
-0.0303030303030303 -0.030441819499033
-0.0101010101010101 -0.00961330036603299
0.0101010101010102 0.0112194241890357
0.0303030303030305 0.0319893578237824
0.0505050505050506 0.0526307012628711
0.0707070707070707 0.0730794589506332
0.0909090909090911 0.0932740063906628
0.111111111111111 0.113155609428778
0.131313131313131 0.132668887729299
0.151515151515152 0.151762215805944
0.171717171717172 0.170388056176393
0.191919191919192 0.18850322049093
0.212121212121212 0.206069055816933
0.232323232323232 0.223051554618315
0.252525252525253 0.239421388328162
0.272727272727273 0.255153865750274
0.292929292929293 0.270228818818119
0.313131313131313 0.28463041946638
0.333333333333333 0.298346932510765
0.353535353535354 0.31137041046785
0.373737373737374 0.3236963371627
0.393939393939394 0.335323227754053
0.414141414141414 0.346252193444307
0.434343434343434 0.356486479625964
0.454545454545455 0.36603098654242
0.474747474747475 0.374891781706288
0.494949494949495 0.383075613323238
0.515151515151515 0.390589433816657
0.535353535353535 0.39743994224387
0.555555555555556 0.40363315394647
0.575757575757576 0.409174005195827
0.595959595959596 0.41406599989258
0.616161616161616 0.418310904570003
0.636363636363636 0.421908497051289
0.656565656565657 0.424856373136881
0.676767676767677 0.427149814667523
0.696969696969697 0.428781721240048
0.717171717171717 0.429742606764289
0.737373737373737 0.430020660959132
0.757575757575758 0.429601874811425
0.777777777777778 0.428470227980166
0.797979797979798 0.426607935136226
0.818181818181818 0.423995747299447
0.838383838383838 0.42061330338377
0.858585858585859 0.416439526398603
0.878787878787879 0.411453058090949
0.898989898989899 0.405632725255775
0.919191919191919 0.398958030497873
0.939393939393939 0.391409659900971
0.95959595959596 0.382969999851271
0.97979797979798 0.373623655172959
1 0.363357960760813
