-9.42477796076938 -3.67381906146713E-16
-8.0783811092309 -0.974927912181824
-6.73198425769241 -0.433883739117558
-5.38558740615393 0.78183148246803
-4.03919055461545 0.78183148246803
-2.69279370307697 -0.433883739117558
-1.34639685153848 -0.974927912181824
0 0
1.34639685153848 0.974927912181824
2.69279370307697 0.433883739117558
4.03919055461545 -0.78183148246803
5.38558740615393 -0.78183148246803
6.73198425769241 0.433883739117558
8.0783811092309 0.974927912181824
9.42477796076938 3.67381906146713E-16
