Assignment A.1:
Matrix A 5x4:
    2.487     1.107     4.670     7.716 
    6.575     4.328     3.541     9.439 
    1.013     6.425     0.286     2.480 
    3.201     9.898     6.821     6.549 
    2.827     6.153     7.043     7.018 
The upper triangular matrix R:
    8.288    10.473     9.283    15.030 
    0.000     9.347     3.848     1.703 
    0.000     0.000     5.439     3.344 
    0.000     0.000     0.000     2.631 
Q^T Q =1: 
    1.000     0.000     0.000     0.000 
    0.000     1.000     0.000     0.000 
    0.000     0.000     1.000     0.000 
    0.000     0.000     0.000     1.000 
Q*R=A: 
    2.487     1.107     4.670     7.716 
    6.575     4.328     3.541     9.439 
    1.013     6.425     0.286     2.480 
    3.201     9.898     6.821     6.549 
    2.827     6.153     7.043     7.018 
Q*R=A, test passed

Assignment A.2:
Matrix A 5x5:
    9.498     0.934     1.609     3.820     7.979 
    1.695     7.938     3.072     8.230     8.865 
    5.563     7.167     6.993     0.136     9.919 
    8.063     8.587     0.625     5.144     5.253 
    2.728     9.938     6.911     3.866     4.343 
Vector b with size 5: 6.754 6.774 4.729 2.445 3.535 
solve x for QRx=b:
x = 0.097 -0.458 0.539 0.651 0.365 
Ax = 6.754 6.774 4.729 2.445 3.535 
which is equal to b.

