0 1
0.00628632847141529 0.999980241102244
0.0125726569428306 0.999920965189804
0.0188589854142459 0.999822174605134
0.0251453138856612 0.99968387325222
0.0314316423570765 0.999506066596426
0.0377179708284918 0.99928876166428
0.0440042992999071 0.999031967043193
0.0502906277713224 0.998735692881122
0.0565769562427376 0.99839995088617
0.0628632847141529 0.998024754326119
0.0691496131855682 0.997610118027912
0.0754359416569835 0.997156058377059
0.0817222701283988 0.996662593316999
0.0880085985998141 0.996129742348381
0.0942949270712294 0.995557526528302
0.100581255542645 0.994945968469469
0.10686758401406 0.994295092339309
0.113153912485475 0.993604923859012
0.119440240956891 0.992875490302514
0.125726569428306 0.992106820495422
0.132012897899721 0.991298944813871
0.138299226371136 0.990451895183328
0.144585554842552 0.989565705077327
0.150871883313967 0.988640409516147
0.157158211785382 0.987676045065429
0.163444540256798 0.98667264983473
0.169730868728213 0.985630263476018
0.176017197199628 0.984548927182104
0.182303525671044 0.983428683685014
0.188589854142459 0.982269577254302
0.194876182613874 0.981071653695298
0.201162511085289 0.979834960347301
0.207448839556705 0.978559546081705
0.21373516802812 0.977245461300072
0.220021496499535 0.975892757932134
0.226307824970951 0.974501489433746
0.232594153442366 0.973071710784773
0.238880481913781 0.971603478486915
0.245166810385196 0.970096850561476
0.251453138856612 0.968551886547069
0.257739467328027 0.966968647497268
0.264025795799442 0.965347195978188
0.270312124270858 0.963687596066019
0.276598452742273 0.961989913344492
0.282884781213688 0.960254214902285
0.289171109685104 0.958480569330374
0.295457438156519 0.956669046719322
0.301743766627934 0.954819718656509
0.308030095099349 0.952932658223304
0.314316423570765 0.951007939992175
0.32060275204218 0.949045640023743
0.326889080513595 0.947045835863777
0.333175408985011 0.945008606540129
0.339461737456426 0.942934032559611
0.345748065927841 0.940822195904813
0.352034394399256 0.938673180030864
0.358320722870672 0.936487069862134
0.364607051342087 0.934263951788879
0.370893379813502 0.932003913663822
0.377179708284918 0.929707044798689
0.383466036756333 0.927373435960673
0.389752365227748 0.925003179368853
0.396038693699164 0.922596368690542
0.402325022170579 0.920153099037593
0.408611350641994 0.917673466962637
0.414897679113409 0.915157570455267
0.421184007584825 0.912605508938166
0.42747033605624 0.910017383263181
0.433756664527655 0.907393295707331
0.440042992999071 0.904733349968773
0.446329321470486 0.902037651162698
0.452615649941901 0.89930630581718
0.458901978413316 0.896539421868967
0.465188306884732 0.893737108659212
0.471474635356147 0.890899476929155
0.477760963827562 0.888026638815748
0.484047292298978 0.885118707847219
0.490333620770393 0.882175798938589
0.496619949241808 0.879198028387132
0.502906277713223 0.876185513867774
0.509192606184639 0.873138374428449
0.515478934656054 0.87005673048539
0.521765263127469 0.866940703818371
0.528051591598885 0.863790417565898
0.5343379200703 0.860605996220339
0.540624248541715 0.857387565623005
0.546910577013131 0.854135252959179
0.553196905484546 0.850849186753086
0.559483233955961 0.84752949686282
0.565769562427376 0.844176314475207
0.572055890898792 0.840789772100622
0.578342219370207 0.837370003567755
0.584628547841622 0.833917144018319
0.590914876313038 0.830431329901712
0.597201204784453 0.826912698969624
0.603487533255868 0.823361390270591
0.609773861727284 0.819777544144505
0.616060190198699 0.816161302217065
0.622346518670114 0.812512807394179
0.628632847141529 0.80883220385632
0.634919175612945 0.805119637052825
0.64120550408436 0.801375253696151
0.647491832555775 0.797599201756073
0.653778161027191 0.793791630453839
0.660064489498606 0.789952690256274
0.666350817970021 0.786082532869832
0.672637146441436 0.7821813112346
0.678923474912852 0.778249179518258
0.685209803384267 0.774286293109982
0.691496131855682 0.770292808614308
0.697782460327098 0.766268883844938
0.704068788798513 0.76221467781851
0.710355117269928 0.758130350748308
0.716641445741343 0.754016064037933
0.722927774212759 0.749871980274927
0.729214102684174 0.745698263224344
0.735500431155589 0.741495077822282
0.741786759627005 0.737262590169362
0.74807308809842 0.733000967524164
0.754359416569835 0.728710378296622
0.760645745041251 0.724390992041363
0.766932073512666 0.72004297945101
0.773218401984081 0.715666512349436
0.779504730455496 0.711261763684972
0.785791058926912 0.706828907523575
0.792077387398327 0.702368119041948
0.798363715869742 0.69787957452062
0.804650044341158 0.693363451336973
0.810936372812573 0.688819927958241
0.817222701283988 0.684249183934452
0.823509029755404 0.679651399891333
0.829795358226819 0.675026757523173
0.836081686698234 0.670375439585645
0.842368015169649 0.665697629888579
0.848654343641065 0.660993513288703
0.85494067211248 0.656263275682333
0.861227000583895 0.651507103998034
0.867513329055311 0.646725186189224
0.873799657526726 0.641917711226754
0.880085985998141 0.637084869091436
0.886372314469556 0.632226850766538
0.892658642940972 0.627343848230234
0.898944971412387 0.62243605444802
0.905231299883802 0.617503663365087
0.911517628355218 0.612546869898658
0.917803956826633 0.607565869930282
0.924090285298048 0.602560860298099
0.930376613769464 0.597532038789054
0.936662942240879 0.59247960413109
0.942949270712294 0.587403755985284
0.949235599183709 0.582304694937967
0.955521927655125 0.577182622492789
0.96180825612654 0.572037741062763
0.968094584597955 0.56687025396226
0.974380913069371 0.561680365398979
0.980667241540786 0.556468280465876
0.986953570012201 0.551234205133056
0.993239898483616 0.545978346239639
0.999526226955032 0.540700911485581
1.00581255542645 0.53540210942347
1.01209888389786 0.530082149450282
1.01838521236928 0.524741241799108
1.02467154084069 0.519379597530844
1.03095786931211 0.513997428525852
1.03724419778352 0.508594947475585
1.04353052625494 0.503172367874186
1.04981685472635 0.497729904010045
1.05610318319777 0.492267770957339
1.06238951166918 0.486786184567522
1.0686758401406 0.481285361460806
1.07496216861202 0.475765519017592
1.08124849708343 0.470226875369887
1.08753482555485 0.464669649392676
1.09382115402626 0.45909406069528
1.10010748249768 0.453500329612673
1.10639381096909 0.447888677196776
1.11268013944051 0.442259325207721
1.11896646791192 0.436612496105089
1.12525279638334 0.430948413039119
1.13153912485475 0.425267299841886
1.13782545332617 0.41956938101846
1.14411178179758 0.413854881738031
1.150398110269 0.408124027825015
1.15668443874041 0.402377045750124
1.16297076721183 0.39661416262142
1.16925709568324 0.39083560617534
1.17554342415466 0.385041604767697
1.18182975262608 0.379232387364653
1.18811608109749 0.373408183533673
1.19440240956891 0.367569223434455
1.20068873804032 0.361715737809828
1.20697506651174 0.355847957976641
1.21326139498315 0.349966115816618
1.21954772345457 0.344070443767193
1.22583405192598 0.33816117481233
1.2321203803974 0.332238542473311
1.23840670886881 0.326302780799509
1.24469303734023 0.320354124359141
1.25097936581164 0.314392808229995
1.25726569428306 0.308419067990143
1.26355202275447 0.30243313970863
1.26983835122589 0.296435259936146
1.2761246796973 0.290425665695677
1.28241100816872 0.28440459447314
1.28869733664014 0.278372284207996
1.29498366511155 0.272328973283849
1.30126999358297 0.266274900519023
1.30755632205438 0.260210305157129
1.3138426505258 0.254135426857605
1.32012897899721 0.248050505686251
1.32641530746863 0.241955782105736
1.33270163594004 0.235851496966101
1.33898796441146 0.229737891495238
1.34527429288287 0.223615207289357
1.35156062135429 0.217483686303442
1.3578469498257 0.211343570841684
1.36413327829712 0.20519510354791
1.37041960676853 0.199038527395995
1.37670593523995 0.192874085680255
1.38299226371136 0.186702022005837
1.38927859218278 0.180522580279093
1.3955649206542 0.174336004697935
1.40185124912561 0.168142539742194
1.40813757759703 0.16194243016395
1.41442390606844 0.155735920977866
1.42071023453986 0.149523257451504
1.42699656301127 0.143304685095629
1.43328289148269 0.137080449654512
1.4395692199541 0.130850797096218
1.44585554842552 0.124615973602881
1.45214187689693 0.118376225560981
1.45842820536835 0.112131799551607
1.46471453383976 0.105882942340708
1.47100086231118 0.0996299008693447
1.47728719078259 0.0933729222439324
1.48357351925401 0.0871122537264723
1.48985984772542 0.080848142724783
1.49614617619684 0.0745808367827218
1.50243250466826 0.0683105835704038
1.50871883313967 0.0620376308744129
1.51500516161109 0.0557622265880107
1.5212914900825 0.0494846187013413
1.52757781855392 0.0432050552916291
1.53386414702533 0.0369237845133766
1.54015047549675 0.0306410545885584
1.54643680396816 0.0243571137968106
1.55272313243958 0.0180722104656204
1.55900946091099 0.0117865929605128
1.56529578938241 0.00550050967523477
1.57158211785382 -0.000785790978060033
1.57786844632524 -0.00707206057862765
1.58415477479665 -0.0133580507069515
1.59044110326807 -0.0196435129545588
1.59672743173948 -0.025928198933838
1.6030137602109 -0.0322118602878541
1.60930008868232 -0.038494248700162
1.61558641715373 -0.0447751159046213
1.62187274562515 -0.0510542136952066
1.62815907409656 -0.0573312939358148
1.63444540256798 -0.0636061085700728
1.64073173103939 -0.0698784096311393
1.64701805951081 -0.0761479492515033
1.65330438798222 -0.0824144796727801
1.65959071645364 -0.0886777532555017
1.66587704492505 -0.0949375224889038
1.67216337339647 -0.101193540000706
1.67844970186788 -0.107445558566887
1.6847360303393 -0.113693331121456
1.69102235881071 -0.119936610766215
1.69730868728213 -0.126175150780515
1.70359501575354 -0.132408704631008
1.70988134422496 -0.138637025981387
1.71616767269638 -0.144859868702124
1.72245400116779 -0.151076986880191
1.72874032963921 -0.157288134828783
1.73502665811062 -0.163493067097028
1.74131298658204 -0.169691538479679
1.74759931505345 -0.175883304026812
1.75388564352487 -0.182068119053503
1.76017197199628 -0.188245739149496
1.7664583004677 -0.194415920188863
1.77274462893911 -0.200578418339652
1.77903095741053 -0.206732990073522
1.78531728588194 -0.212879392175363
1.79160361435336 -0.219017381752916
1.79788994282477 -0.225146716246364
1.80417627129619 -0.231267153437918
1.8104625997676 -0.237378451461395
1.81674892823902 -0.243480368811767
1.82303525671044 -0.249572664354714
1.82932158518185 -0.255655097336146
1.83560791365327 -0.261727427391719
1.84189424212468 -0.267789414556337
1.8481805705961 -0.273840819273631
1.85446689906751 -0.279881402405425
1.86075322753893 -0.285910925241192
1.86703955601034 -0.29192914950748
1.87332588448176 -0.297935837377334
1.87961221295317 -0.303930751479691
1.88589854142459 -0.309913654908761
1.892184869896 -0.315884311233391
1.89847119836742 -0.321842484506403
1.90475752683883 -0.327787939273926
1.91104385531025 -0.333720440584693
1.91733018378166 -0.339639753999332
1.92361651225308 -0.345545645599624
1.9299028407245 -0.351437881997753
1.93618916919591 -0.357316230345526
1.94247549766733 -0.363180458343575
1.94876182613874 -0.369030334250538
1.95504815461016 -0.374865626892214
1.96133448308157 -0.380686105670702
1.96762081155299 -0.386491540573513
1.9739071400244 -0.392281702182655
1.98019346849582 -0.398056361683708
1.98647979696723 -0.403815290874858
1.99276612543865 -0.409558262175918
1.99905245391006 -0.415285048637324
2.00533878238148 -0.420995423949098
2.01162511085289 -0.426689162449797
2.01791143932431 -0.432366039135427
2.02419776779572 -0.438025829668337
2.03048409626714 -0.443668310386081
2.03677042473856 -0.44929325831026
2.04305675320997 -0.454900451155332
2.04934308168139 -0.460489667337397
2.0556294101528 -0.466060685982953
2.06191573862422 -0.471613286937624
2.06820206709563 -0.477147250774862
2.07448839556705 -0.482662358804614
2.08077472403846 -0.48815839308197
2.08706105250988 -0.49363513641577
2.09334738098129 -0.499092372377193
2.09963370945271 -0.504529885308302
2.10592003792412 -0.509947460330573
2.11220636639554 -0.515344883353386
2.11849269486695 -0.520721941082481
2.12477902333837 -0.526078421028389
2.13106535180978 -0.531414111514832
2.1373516802812 -0.536728801687084
2.14363800875261 -0.542022281520305
2.14992433722403 -0.547294341827842
2.15621066569545 -0.552544774269495
2.16249699416686 -0.557773371359746
2.16878332263828 -0.562979926475967
2.17506965110969 -0.568164233866575
2.18135597958111 -0.573326088659173
2.18764230805252 -0.578465286868637
2.19392863652394 -0.583581625405184
2.20021496499535 -0.588674902082394
2.20650129346677 -0.5937449156252
2.21278762193818 -0.598791465677844
2.2190739504096 -0.603814352811794
2.22536027888101 -0.608813378533623
2.23164660735243 -0.613788345292853
2.23793293582384 -0.618739056489767
2.24421926429526 -0.62366531648317
2.25050559276668 -0.62856693059813
2.25679192123809 -0.63344370513366
2.26307824970951 -0.638295447370383
2.26936457818092 -0.643121965578141
2.27565090665234 -0.647923069023573
2.28193723512375 -0.652698567977657
2.28822356359517 -0.6574482737232
2.29450989206658 -0.662171998562303
2.300796220538 -0.666869555823773
2.30708254900941 -0.671540759870503
2.31336887748083 -0.676185426106806
2.31965520595224 -0.680803370985713
2.32594153442366 -0.68539441201622
2.33222786289507 -0.68995836777051
2.33851419136649 -0.694495057891109
2.3448005198379 -0.699004303098027
2.35108684830932 -0.703485925195834
2.35737317678074 -0.707939747080703
2.36365950525215 -0.712365592747412
2.36994583372357 -0.716763287296297
2.37623216219498 -0.721132656940165
2.3825184906664 -0.725473529011158
2.38880481913781 -0.729785731967584
2.39509114760923 -0.734069095400685
2.40137747608064 -0.738323450041383
2.40766380455206 -0.742548627766961
2.41395013302347 -0.746744461607709
2.42023646149489 -0.750910785753524
2.4265227899663 -0.75504743556046
2.43280911843772 -0.759154247557235
2.43909544690913 -0.763231059451694
2.44538177538055 -0.767277710137216
2.45166810385196 -0.771294039699089
2.45795443232338 -0.775279889420822
2.46424076079479 -0.77923510179042
2.47052708926621 -0.78315952050661
2.47681341773763 -0.787052990485015
2.48309974620904 -0.790915357864285
2.48938607468046 -0.794746470012176
2.49567240315187 -0.798546175531581
2.50195873162329 -0.802314324266515
2.5082450600947 -0.806050767308047
2.51453138856612 -0.809755357000184
2.52081771703753 -0.813427946945708
2.52710404550895 -0.817068392011961
2.53339037398036 -0.820676548336579
2.53967670245178 -0.824252273333179
2.54596303092319 -0.827795425696991
2.55224935939461 -0.831305865410446
2.55853568786602 -0.834783453748702
2.56482201633744 -0.838228053285137
2.57110834480886 -0.84163952789677
2.57739467328027 -0.845017742769645
2.58368100175169 -0.848362564404157
2.5899673302231 -0.85167386062033
2.59625365869452 -0.854951500563035
2.60253998716593 -0.858195354707169
2.60882631563735 -0.861405294862766
2.61511264410876 -0.864581194180068
2.62139897258018 -0.867722927154535
2.62768530105159 -0.870830369631806
2.63397162952301 -0.873903398812604
2.64025795799442 -0.876941893257591
2.64654428646584 -0.879945732892164
2.65283061493725 -0.882914799011203
2.65911694340867 -0.885848974283761
2.66540327188008 -0.888748142757698
2.6716896003515 -0.891612189864269
2.67797592882292 -0.894441002422644
2.68426225729433 -0.897234468644389
2.69054858576575 -0.899992478137876
2.69683491423716 -0.902714921912649
2.70312124270858 -0.905401692383732
2.70940757117999 -0.90805268337588
2.71569389965141 -0.910667790127772
2.72198022812282 -0.913246909296155
2.72826655659424 -0.915789938959925
2.73455288506565 -0.918296778624155
2.74083921353707 -0.920767329224067
2.74712554200848 -0.92320149312895
2.7534118704799 -0.925599174146011
2.75969819895131 -0.927960277524183
2.76598452742273 -0.930284709957864
2.77227085589414 -0.932572379590609
2.77855718436556 -0.934823196018757
2.78484351283698 -0.937037070295005
2.79112984130839 -0.939213914931923
2.79741616977981 -0.941353643905408
2.80370249825122 -0.943456172658089
2.80998882672264 -0.945521418102665
2.81627515519405 -0.947549298625188
2.82256148366547 -0.949539734088291
2.82884781213688 -0.951492645834352
2.8351341406083 -0.953407956688603
2.84142046907971 -0.955285590962183
2.84770679755113 -0.957125474455124
2.85399312602254 -0.958927534459285
2.86027945449396 -0.96069169976123
2.86656578296537 -0.962417900645034
2.87285211143679 -0.964106068895042
2.8791384399082 -0.965756137798569
2.88542476837962 -0.967368042148528
2.89171109685104 -0.968941718246012
2.89799742532245 -0.970477103902812
2.90428375379387 -0.971974138443871
2.91057008226528 -0.973432762709684
2.9168564107367 -0.974852919058636
2.92314273920811 -0.976234551369279
2.92942906767953 -0.977577605042549
2.93571539615094 -0.978882027003925
2.94200172462236 -0.980147765705529
2.94828805309377 -0.981374771128156
2.95457438156519 -0.982562994783257
2.9608607100366 -0.983712389714853
2.96714703850802 -0.984822910501389
2.97343336697943 -0.985894513257533
2.97971969545085 -0.986927155635906
2.98600602392226 -0.987920796828758
2.99229235239368 -0.988875397569578
2.9985786808651 -0.989790920134651
3.00486500933651 -0.990667328344542
3.01115133780793 -0.991504587565531
3.01743766627934 -0.99230266471098
3.02372399475076 -0.993061528242639
3.03001032322217 -0.993781148171895
3.03629665169359 -0.994461496060953
3.042582980165 -0.995102545023966
3.04886930863642 -0.995704269728091
3.05515563710783 -0.996266646394495
3.06144196557925 -0.996789652799291
3.06772829405066 -0.997273268274419
3.07401462252208 -0.997717473708463
3.08030095099349 -0.998122251547402
3.08658727946491 -0.998487585795309
3.09287360793632 -0.998813462014978
3.09915993640774 -0.999099867328502
3.10544626487916 -0.999346790417773
3.11173259335057 -0.999554221524934
3.11801892182199 -0.999722152452766
3.1243052502934 -0.999850576565009
3.13059157876482 -0.999939488786625
3.13687790723623 -0.999988885603999
3.14316423570765 -0.999998765065078
3.14945056417906 -0.999969126779446
3.15573689265048 -0.999899971918344
3.16202322112189 -0.99979130321462
3.16830954959331 -0.999643124962621
3.17459587806472 -0.999455443018025
3.18088220653614 -0.999228264797608
3.18716853500755 -0.998961599278954
3.19345486347897 -0.998655457000095
3.19974119195038 -0.998309850059099
3.2060275204218 -0.997924792113592
3.21231384889321 -0.997500298380213
3.21860017736463 -0.99703638563402
3.22488650583605 -0.996533072207822
3.23117283430746 -0.995990377991455
3.23745916277888 -0.995408324431
3.24374549125029 -0.994786934527928
3.25003181972171 -0.994126232838201
3.25631814819312 -0.99342624547129
3.26260447666454 -0.992687000089156
3.26889080513595 -0.991908525905144
3.27517713360737 -0.99109085368284
3.28146346207878 -0.990234015734845
3.2877497905502 -0.989338045921509
3.29403611902161 -0.988402979649581
3.30032244749303 -0.98742885387082
3.30660877596444 -0.98641570708053
3.31289510443586 -0.985363579316037
3.31918143290728 -0.984272512155113
3.32546776137869 -0.983142548714325
3.33175408985011 -0.981973733647338
3.33804041832152 -0.980766113143147
3.34432674679294 -0.979519734924251
3.35061307526435 -0.978234648244771
3.35689940373577 -0.976910903888499
3.36318573220718 -0.975548554166894
3.3694720606786 -0.974147652917014
3.37575838915001 -0.972708255499387
3.38204471762143 -0.971230418795827
3.38833104609284 -0.969714201207182
3.39461737456426 -0.968159662651029
3.40090370303567 -0.966566864559304
3.40719003150709 -0.964935869875877
3.4134763599785 -0.963266743054062
3.41976268844992 -0.961559550054072
3.42604901692134 -0.959814358340411
3.43233534539275 -0.958031236879207
3.43862167386417 -0.95621025613549
3.44490800233558 -0.954351488070405
3.451194330807 -0.952455006138369
3.45748065927841 -0.950520885284165
3.46376698774983 -0.948549201939987
3.47005331622124 -0.946540034022414
3.47633964469266 -0.944493460929332
3.48262597316407 -0.942409563536799
3.48891230163549 -0.940288424195846
3.4951986301069 -0.938130126729224
3.50148495857832 -0.93593475642809
3.50777128704973 -0.933702400048639
3.51405761552115 -0.931433145808674
3.52034394399256 -0.92912708338412
3.52663027246398 -0.92678430390548
3.53291660093539 -0.924404899954235
3.53920292940681 -0.921988965559183
3.54548925787823 -0.919536596192727
3.55177558634964 -0.917047888767096
3.55806191482106 -0.914522941630522
3.56434824329247 -0.911961854563351
3.57063457176389 -0.909364728774096
3.5769209002353 -0.906731666895443
3.58320722870672 -0.904062772980195
3.58949355717813 -0.901358152497153
3.59577988564955 -0.898617912326959
3.60206621412096 -0.895842160757862
3.60835254259238 -0.893031007481445
3.61463887106379 -0.890184563588288
3.62092519953521 -0.88730294156358
3.62721152800662 -0.884386255282671
3.63349785647804 -0.881434620006571
3.63978418494946 -0.878448152377401
3.64607051342087 -0.875426970413778
3.65235684189229 -0.872371193506153
3.6586431703637 -0.869280942412092
3.66492949883512 -0.866156339251506
3.67121582730653 -0.862997507501825
3.67750215577795 -0.859804571993114
3.68378848424936 -0.856577658903149
3.69007481272078 -0.853316895752418
3.69636114119219 -0.850022411399094
3.70264746966361 -0.846694336033936
3.70893379813502 -0.843332801175145
3.71522012660644 -0.839937939663169
3.72150645507785 -0.836509885655451
3.72779278354927 -0.833048774621129
3.73407911202068 -0.829554743335679
3.7403654404921 -0.826027929875516
3.74665176896352 -0.822468473612534
3.75293809743493 -0.818876515208596
3.75922442590635 -0.81525219660998
3.76551075437776 -0.811595661041769
3.77179708284918 -0.807907053002186
3.77808341132059 -0.80418651825689
3.78436973979201 -0.800434203833213
3.79065606826342 -0.796650258014347
3.79694239673484 -0.792834830333491
3.80322872520625 -0.788988071567935
3.80951505367767 -0.785110133733106
3.81580138214908 -0.781201170076557
3.8220877106205 -0.777261335071916
3.82837403909191 -0.773290784412776
3.83466036756333 -0.769289675006547
3.84094669603474 -0.765258164968251
3.84723302450616 -0.761196413614279
3.85351935297758 -0.757104581456088
3.85980568144899 -0.752982830193867
3.86609200992041 -0.748831322710139
3.87237833839182 -0.744650223063326
3.87866466686324 -0.740439696481271
3.88495099533465 -0.736199909354701
3.89123732380607 -0.731931029230657
3.89752365227748 -0.727633224805872
3.9038099807489 -0.723306665920101
3.91009630922031 -0.718951523549414
3.91638263769173 -0.714567969799436
3.92266896616314 -0.710156177898549
3.92895529463456 -0.705716322191042
3.93524162310597 -0.701248578130226
3.94152795157739 -0.696753122271495
3.9478142800488 -0.692230132265357
3.95410060852022 -0.687679786850404
3.96038693699164 -0.683102265846257
3.96667326546305 -0.678497750146456
3.97295959393447 -0.673866421711308
3.97924592240588 -0.669208463560705
3.9855322508773 -0.664524059766884
3.99181857934871 -0.659813395447157
3.99810490782013 -0.655076656756592
4.00439123629154 -0.650314030880661
4.01067756476296 -0.645525706027839
4.01696389323437 -0.640711871422169
4.02325022170579 -0.635872717295782
4.0295365501772 -0.631008434881381
4.03582287864862 -0.626119216404685
4.04210920712003 -0.621205255076828
4.04839553559145 -0.61626674508673
4.05468186406286 -0.61130388159342
4.06096819253428 -0.60631686071832
4.0672545210057 -0.601305879537504
4.07354084947711 -0.596271136073901
4.07982717794853 -0.591212829289472
4.08611350641994 -0.586131159077351
4.09239983489136 -0.581026326253943
4.09868616336277 -0.575898532550987
4.10497249183419 -0.570747980607585
4.1112588203056 -0.565574873962198
4.11754514877702 -0.560379417044595
4.12383147724843 -0.55516181516778
4.13011780571985 -0.549922274519877
4.13640413419126 -0.544661002155982
4.14269046266268 -0.539378205989981
4.14897679113409 -0.534074094786332
4.15526311960551 -0.528748878151817
4.16154944807692 -0.523402766527258
4.16783577654834 -0.518035971179201
4.17412210501976 -0.512648704191567
4.18040843349117 -0.507241178457272
4.18669476196259 -0.501813607669812
4.192981090434 -0.496366206314818
4.19926741890542 -0.490899189661583
4.20555374737683 -0.485412773754556
4.21184007584825 -0.479907175404796
4.21812640431966 -0.474382612181414
4.22441273279108 -0.468839302402969
4.23069906126249 -0.463277465128844
4.23698538973391 -0.457697320150587
4.24327171820532 -0.452099087983225
4.24955804667674 -0.446482989856555
4.25584437514815 -0.44084924770639
4.26213070361957 -0.435198084165805
4.26841703209098 -0.429529722556321
4.2747033605624 -0.423844386879095
4.28098968903381 -0.41814230180606
4.28727601750523 -0.412423692671047
4.29356234597665 -0.406688785460882
4.29984867444806 -0.400937806806458
4.30613500291948 -0.395170983973771
4.31242133139089 -0.389388544854946
4.31870765986231 -0.383590717959232
4.32499398833372 -0.377777732403965
4.33128031680514 -0.37194981790552
4.33756664527655 -0.36610720477023
4.34385297374797 -0.360250123885287
4.35013930221938 -0.354378806709616
4.3564256306908 -0.348493485264727
4.36271195916221 -0.342594392125549
4.36899828763363 -0.33668176041124
4.37528461610504 -0.330755823775972
4.38157094457646 -0.324816816399693
4.38785727304788 -0.318864972978887
4.39414360151929 -0.312900528717283
4.40042992999071 -0.306923719316568
4.40671625846212 -0.300934780967076
4.41300258693354 -0.294933950338448
4.41928891540495 -0.28892146457028
4.42557524387637 -0.282897561262758
4.43186157234778 -0.276862478467257
4.4381479008192 -0.270816454676948
4.44443422929061 -0.264759728817362
4.45072055776203 -0.258692540236952
4.45700688623344 -0.252615128697637
4.46329321470486 -0.246527734365323
4.46957954317627 -0.240430597800415
4.47586587164769 -0.234323959948307
4.4821522001191 -0.228208062129867
4.48843852859052 -0.222083146031894
4.49472485706194 -0.215949453697568
4.50101118553335 -0.209807227516891
4.50729751400477 -0.203656710217101
4.51358384247618 -0.197498144853081
4.5198701709476 -0.191331774797758
4.52615649941901 -0.185157843732485
4.53244282789043 -0.178976595637405
4.53872915636184 -0.172788274781818
4.54501548483326 -0.166593125714521
4.55130181330467 -0.160391393254148
4.55758814177609 -0.154183322479495
4.5638744702475 -0.147969158719832
4.57016079871892 -0.141749147545213
4.57644712719033 -0.135523534756768
4.58273345566175 -0.12929256637699
4.58901978413317 -0.12305648864001
4.59530611260458 -0.116815547981878
4.601592441076 -0.110569991030808
4.60787876954741 -0.104320064597442
4.61416509801883 -0.0980660156650957
4.62045142649024 -0.0918080913799954
4.62673775496166 -0.0855465390415144
4.63302408343307 -0.079281606092396
4.63931041190449 -0.0730135401089802
4.6455967403759 -0.0667425887914177
4.65188306884732 -0.0604689999538793
4.65816939731873 -0.0541930215147642
4.66445572579015 -0.0479149014869085
4.67074205426156 -0.0416348879677739
4.67702838273298 -0.0353532291296495
4.68331471120439 -0.0290701732098457
4.68960103967581 -0.0227859685008824
4.69588736814722 -0.0165008633406744
4.70217369661864 -0.0102151061027231
4.70846002509006 -0.00392894518629869
4.71474635356147 0.0023573709933791
4.72103268203289 0.00864359401495114
4.7273190105043 0.0149294754607433
4.73360533897572 0.0212147669265771
4.73989166744713 0.0274992200315888
4.74617799591855 0.0337825864280465
4.75246432438996 0.0400646178111637
4.75875065286138 0.0463450659289052
4.76503698133279 0.0526236825918083
4.77132330980421 0.0589002196827855
4.77760963827562 0.0651744291669238
4.78389596674704 0.0714460631012978
4.79018229521845 0.0777148736447609
4.79646862368987 0.083980613067739
4.80275495216128 0.0902430337620221
4.8090412806327 0.0965018882505515
4.81532760910411 0.102756929197194
4.82161393757553 0.109007909416521
4.82790026604695 0.115254581883575
4.83418659451836 0.12149669974363
4.84047292298978 0.127734016321949
4.84675925146119 0.133966285133532
4.85304557993261 0.140193259892852
4.85933190840402 0.146414694523596
4.86561823687544 0.152630343168384
4.87190456534685 0.158839960198479
4.87819089381827 0.165043300223509
4.88447722228968 0.17124011810115
4.8907635507611 0.17743016894682
4.89704987923251 0.183613208143357
4.90333620770393 0.18978899135068
4.90962253617534 0.195957274515454
4.91590886464676 0.202117813880724
4.92219519311818 0.208270365995555
4.92848152158959 0.214414687724651
4.93476785006101 0.220550536257965
4.94105417853242 0.226677669120285
4.94734050700384 0.23279584418083
4.95362683547525 0.238904819662809
4.95991316394667 0.245004354152978
4.96619949241808 0.25109420661118
4.9724858208895 0.257174136379871
4.97877214936091 0.26324390319363
4.98505847783233 0.269303267188652
4.99134480630374 0.275351988912231
4.99763113477516 0.281389829332218
5.00391746324657 0.28741654984647
5.01020379171799 0.29343191229228
5.0164901201894 0.299435678955782
5.02277644866082 0.305427612581354
5.02906277713224 0.31140747638099
5.03534910560365 0.317375034043652
5.04163543407507 0.323330049744618
5.04792176254648 0.329272288154797
5.0542080910179 0.335201514450023
5.06049441948931 0.341117494320346
5.06678074796073 0.347019993979284
5.07306707643214 0.352908780173061
5.07935340490356 0.358783620189828
5.08563973337497 0.364644281868861
5.09192606184639 0.370490533609727
5.0982123903178 0.376322144381448
5.10449871878922 0.38213888373162
5.11078504726063 0.387940521795527
5.11707137573205 0.393726829305224
5.12335770420346 0.399497577598593
5.12964403267488 0.405252538628382
5.13593036114629 0.410991484971219
5.14221668961771 0.416714189836597
5.14850301808913 0.422420427075833
5.15478934656054 0.428109971191013
5.16107567503196 0.433782597343893
5.16736200350337 0.439438081364796
5.17364833197479 0.44507619976146
5.1799346604462 0.450696729727873
5.18622098891762 0.456299449153084
5.19250731738903 0.461884136629971
5.19879364586045 0.467450571463996
5.20507997433186 0.472998533681926
5.21136630280328 0.478527804040526
5.21765263127469 0.484038164035217
5.22393895974611 0.489529395908723
5.23022528821753 0.495001282659665
5.23651161668894 0.50045360805114
5.24279794516035 0.505886156619268
5.24908427363177 0.511298713681708
5.25537060210319 0.516691065346135
5.2616569305746 0.522062998518698
5.26794325904602 0.527414300912442
5.27422958751743 0.532744761055691
5.28051591598885 0.538054168300415
5.28680224446026 0.543342312830541
5.29308857293168 0.548608985670255
5.29937490140309 0.553853978692257
5.30566122987451 0.559077084625987
5.31194755834592 0.56427809706581
5.31823388681734 0.569456810479182
5.32452021528875 0.574613020214765
5.33080654376017 0.579746522510517
5.33709287223158 0.584857114501742
5.343379200703 0.589944594229114
5.34966552917442 0.595008760646648
5.35595185764583 0.60004941362965
5.36223818611725 0.605066353982628
5.36852451458866 0.610059383447158
5.37481084306008 0.615028304709723
5.38109717153149 0.619972921409509
5.38738350000291 0.624893038146162
5.39366982847432 0.629788460487519
5.39995615694574 0.634658994977278
5.40624248541715 0.639504449142653
5.41252881388857 0.644324631501978
5.41881514235998 0.649119351572273
5.4251014708314 0.653888419876769
5.43138779930281 0.658631647952401
5.43767412777423 0.663348848357252
5.44396045624564 0.66803983467796
5.45024678471706 0.672704421537088
5.45653311318847 0.677342424600445
5.46281944165989 0.681953660584376
5.46910577013131 0.686537947262999
5.47539209860272 0.691095103475411
5.48167842707414 0.695624949132844
5.48796475554555 0.700127305225786
5.49425108401697 0.704601993831046
5.50053741248838 0.709048838118797
5.5068237409598 0.713467662359557
5.51311006943121 0.71785829193113
5.51939639790263 0.722220553325516
5.52568272637404 0.726554274155761
5.53196905484546 0.730859283162773
5.53825538331687 0.735135410222084
5.54454171178829 0.73938248635058
5.5508280402597 0.743600343713176
5.55711436873112 0.747788815629447
5.56340069720254 0.751947736580215
5.56968702567395 0.756076942214094
5.57597335414537 0.760176269353979
5.58225968261678 0.764245556003499
5.5885460110882 0.768284641353415
5.59483233955961 0.77229336578798
5.60111866803103 0.776271570891241
5.60740499650244 0.780219099453301
5.61369132497386 0.784135795476535
5.61997765344527 0.78802150418175
5.62626398191669 0.791876072014304
5.6325503103881 0.795699346650172
5.63883663885952 0.799491177001972
5.64512296733093 0.803251413224925
5.65140929580235 0.806979906722785
5.65769562427376 0.810676510153709
5.66398195274518 0.814341077436079
5.6702682812166 0.817973463754274
5.67655460968801 0.821573525564395
5.68284093815943 0.825141120599933
5.68912726663084 0.8286761078774
5.69541359510226 0.83217834770189
5.70169992357367 0.835647701672606
5.70798625204509 0.839084032688328
5.7142725805165 0.842487204952829
5.72055890898792 0.845857083980243
5.72684523745933 0.84919353660038
5.73313156593075 0.852496430963987
5.73941789440216 0.855765636547962
5.74570422287358 0.859001024160505
5.75199055134499 0.86220246594623
5.75827687981641 0.865369835391217
5.76456320828783 0.868503007328007
5.77084953675924 0.871601857940552
5.77713586523065 0.874666264769106
5.78342219370207 0.87769610671507
5.78970852217349 0.880691264045765
5.7959948506449 0.883651618399179
5.80228117911632 0.886577052788634
5.80856750758773 0.889467451607412
5.81485383605915 0.892322700633322
5.82114016453056 0.895142687033218
5.82742649300198 0.897927299367453
5.83371282147339 0.900676427594288
5.83999914994481 0.903389963074236
5.84628547841622 0.906067798574354
5.85257180688764 0.908709828272489
5.85885813535905 0.911315947761451
5.86514446383047 0.913886054053142
5.87143079230188 0.916420045582628
5.8777171207733 0.91891782221215
5.88400344924472 0.921379285235082
5.89028977771613 0.92380433737983
5.89657610618755 0.926192882813681
5.90286243465896 0.928544827146585
5.90914876313038 0.930860077434886
5.91543509160179 0.933138542184997
5.92172142007321 0.935380131357013
5.92800774854462 0.937584756368273
5.93429407701604 0.939752330096855
5.94058040548745 0.941882766885025
5.94686673395887 0.943975982542617
5.95315306243028 0.946031894350363
5.9594393909017 0.948050421063161
5.96572571937311 0.950031482913283
5.97201204784453 0.951975001613535
5.97829837631594 0.95388090036034
5.98458470478736 0.955749103836782
5.99087103325878 0.957579538215578
5.99715736173019 0.959372131161996
6.00344369020161 0.961126811836716
6.00973001867302 0.962843510898624
6.01601634714444 0.964522160507559
6.02230267561585 0.966162694326988
6.02858900408727 0.967765047526632
6.03487533255868 0.969329156785024
6.0411616610301 0.970854960292015
6.04744798950151 0.972342397751213
6.05373431797293 0.973791410382369
6.06002064644434 0.975201940923699
6.06630697491576 0.976573933634144
6.07259330338717 0.977907334295578
6.07887963185859 0.979202090214946
6.08516596033 0.980458150226347
6.09145228880142 0.981675464693061
6.09773861727284 0.982853985509501
6.10402494574425 0.983993666103125
6.11031127421567 0.985094461436266
6.11659760268708 0.98615632800792
6.1228839311585 0.987179223855461
6.12917025962991 0.988163108556301
6.13545658810133 0.989107943229484
6.14174291657274 0.990013690537228
6.14802924504416 0.990880314686395
6.15431557351557 0.99170778142991
6.16060190198699 0.99249605806811
6.1668882304584 0.993245113450042
6.17317455892982 0.993954917974687
6.17946088740123 0.994625443592136
6.18574721587265 0.995256663804694
6.19203354434406 0.995848553667929
6.19831987281548 0.996401089791661
6.20460620128689 0.996914250340878
6.21089252975831 0.997388015036607
6.21717885822973 0.997822365156712
6.22346518670114 0.998217283536634
6.22975151517256 0.998572754570069
6.23603784364397 0.998888764209585
6.24232417211539 0.999165299967177
6.2486105005868 0.999402350914763
6.25489682905822 0.999599907684612
6.26118315752963 0.999757962469715
6.26746948600105 0.999876509024096
6.27375581447246 0.999955542663056
6.28004214294388 0.99999506026336
6.28632847141529 0.99999506026336
6.29261479988671 0.999955542663056
6.29890112835812 0.999876509024096
6.30518745682954 0.999757962469715
6.31147378530096 0.999599907684612
6.31776011377237 0.999402350914763
6.32404644224379 0.999165299967177
6.3303327707152 0.998888764209585
6.33661909918662 0.998572754570069
6.34290542765803 0.998217283536634
6.34919175612945 0.997822365156712
6.35547808460086 0.997388015036607
6.36176441307228 0.996914250340878
6.36805074154369 0.996401089791661
6.37433707001511 0.995848553667929
6.38062339848652 0.995256663804694
6.38690972695794 0.994625443592136
6.39319605542935 0.993954917974687
6.39948238390077 0.993245113450042
6.40576871237218 0.99249605806811
6.4120550408436 0.99170778142991
6.41834136931501 0.990880314686395
6.42462769778643 0.990013690537228
6.43091402625785 0.989107943229484
6.43720035472926 0.988163108556301
6.44348668320068 0.987179223855462
6.44977301167209 0.98615632800792
6.45605934014351 0.985094461436266
6.46234566861492 0.983993666103125
6.46863199708634 0.982853985509501
6.47491832555775 0.981675464693061
6.48120465402917 0.980458150226348
6.48749098250058 0.979202090214946
6.493777310972 0.977907334295578
6.50006363944341 0.976573933634144
6.50634996791483 0.975201940923699
6.51263629638624 0.973791410382369
6.51892262485766 0.972342397751213
6.52520895332908 0.970854960292015
6.53149528180049 0.969329156785024
6.5377816102719 0.967765047526632
6.54406793874332 0.966162694326988
6.55035426721474 0.964522160507559
6.55664059568615 0.962843510898624
6.56292692415757 0.961126811836716
6.56921325262898 0.959372131161996
6.5754995811004 0.957579538215578
6.58178590957181 0.955749103836782
6.58807223804323 0.95388090036034
6.59435856651464 0.951975001613535
6.60064489498606 0.950031482913284
6.60693122345747 0.948050421063161
6.61321755192889 0.946031894350363
6.6195038804003 0.943975982542618
6.62579020887172 0.941882766885026
6.63207653734314 0.939752330096856
6.63836286581455 0.937584756368273
6.64464919428597 0.935380131357013
6.65093552275738 0.933138542184997
6.6572218512288 0.930860077434886
6.66350817970021 0.928544827146585
6.66979450817163 0.926192882813682
6.67608083664304 0.92380433737983
6.68236716511446 0.921379285235082
6.68865349358587 0.91891782221215
6.69493982205729 0.916420045582628
6.7012261505287 0.913886054053142
6.70751247900012 0.911315947761451
6.71379880747153 0.908709828272489
6.72008513594295 0.906067798574355
6.72637146441437 0.903389963074235
6.73265779288578 0.900676427594289
6.73894412135719 0.897927299367454
6.74523044982861 0.895142687033218
6.75151677830003 0.892322700633322
6.75780310677144 0.889467451607412
6.76408943524286 0.886577052788635
6.77037576371427 0.88365161839918
6.77666209218569 0.880691264045766
6.7829484206571 0.877696106715069
6.78923474912852 0.874666264769107
6.79552107759993 0.871601857940552
6.80180740607135 0.868503007328007
6.80809373454276 0.865369835391218
6.81438006301418 0.862202465946231
6.82066639148559 0.859001024160505
6.82695271995701 0.855765636547962
6.83323904842842 0.852496430963987
6.83952537689984 0.84919353660038
6.84581170537126 0.845857083980243
6.85209803384267 0.842487204952829
6.85838436231409 0.839084032688328
6.8646706907855 0.835647701672607
6.87095701925692 0.83217834770189
6.87724334772833 0.8286761078774
6.88352967619975 0.825141120599934
6.88981600467116 0.821573525564394
6.89610233314258 0.817973463754274
6.90238866161399 0.81434107743608
6.90867499008541 0.810676510153709
6.91496131855682 0.806979906722785
6.92124764702824 0.803251413224925
6.92753397549965 0.799491177001972
6.93382030397107 0.795699346650173
6.94010663244248 0.791876072014304
6.9463929609139 0.78802150418175
6.95267928938531 0.784135795476536
6.95896561785673 0.780219099453302
6.96525194632815 0.776271570891241
6.97153827479956 0.772293365787981
6.97782460327098 0.768284641353416
6.98411093174239 0.764245556003499
6.99039726021381 0.760176269353979
6.99668358868522 0.756076942214094
7.00296991715664 0.751947736580215
7.00925624562805 0.747788815629447
7.01554257409947 0.743600343713177
7.02182890257088 0.739382486350581
7.0281152310423 0.735135410222084
7.03440155951371 0.730859283162773
7.04068788798513 0.726554274155762
7.04697421645654 0.722220553325516
7.05326054492796 0.71785829193113
7.05954687339938 0.713467662359557
7.06583320187079 0.709048838118798
7.07211953034221 0.704601993831047
7.07840585881362 0.700127305225786
7.08469218728504 0.695624949132845
7.09097851575645 0.691095103475412
7.09726484422787 0.686537947262999
7.10355117269928 0.681953660584376
7.1098375011707 0.677342424600445
7.11612382964211 0.672704421537088
7.12241015811353 0.66803983467796
7.12869648658494 0.663348848357252
7.13498281505636 0.658631647952402
7.14126914352777 0.653888419876769
7.14755547199919 0.649119351572273
7.1538418004706 0.644324631501979
7.16012812894202 0.639504449142654
7.16641445741344 0.634658994977277
7.17270078588485 0.629788460487519
7.17898711435627 0.624893038146163
7.18527344282768 0.619972921409508
7.1915597712991 0.615028304709723
7.19784609977051 0.610059383447159
7.20413242824193 0.605066353982629
7.21041875671334 0.60004941362965
7.21670508518476 0.595008760646648
7.22299141365617 0.589944594229114
7.22927774212759 0.584857114501743
7.235564070599 0.579746522510517
7.24185039907042 0.574613020214765
7.24813672754183 0.569456810479183
7.25442305601325 0.564278097065811
7.26070938448466 0.559077084625987
7.26699571295608 0.553853978692258
7.27328204142749 0.548608985670256
7.27956836989891 0.54334231283054
7.28585469837033 0.538054168300415
7.29214102684174 0.532744761055693
7.29842735531316 0.527414300912442
7.30471368378457 0.522062998518698
7.31100001225599 0.516691065346135
7.3172863407274 0.511298713681708
7.32357266919882 0.505886156619269
7.32985899767023 0.50045360805114
7.33614532614165 0.495001282659665
7.34243165461306 0.489529395908724
7.34871798308448 0.484038164035218
7.35500431155589 0.478527804040525
7.36129064002731 0.472998533681927
7.36757696849872 0.467450571463997
7.37386329697014 0.461884136629971
7.38014962544155 0.456299449153085
7.38643595391297 0.450696729727874
7.39272228238439 0.44507619976146
7.3990086108558 0.439438081364797
7.40529493932722 0.433782597343894
7.41158126779863 0.428109971191013
7.41786759627005 0.422420427075834
7.42415392474146 0.416714189836597
7.43044025321288 0.41099148497122
7.43672658168429 0.405252538628383
7.44301291015571 0.399497577598593
7.44929923862712 0.393726829305225
7.45558556709854 0.387940521795528
7.46187189556995 0.38213888373162
7.46815822404137 0.376322144381448
7.47444455251278 0.370490533609728
7.4807308809842 0.364644281868861
7.48701720945562 0.358783620189829
7.49330353792703 0.352908780173062
7.49958986639845 0.347019993979284
7.50587619486986 0.341117494320347
7.51216252334128 0.335201514450024
7.51844885181269 0.329272288154796
7.52473518028411 0.323330049744619
7.53102150875552 0.317375034043652
7.53730783722694 0.311407476380989
7.54359416569835 0.305427612581355
7.54988049416977 0.299435678955783
7.55616682264118 0.29343191229228
7.5624531511126 0.287416549846471
7.56873947958401 0.281389829332219
7.57502580805543 0.275351988912231
7.58131213652684 0.269303267188652
7.58759846499826 0.26324390319363
7.59388479346967 0.257174136379872
7.60017112194109 0.25109420661118
7.60645745041251 0.245004354152979
7.61274377888392 0.23890481966281
7.61903010735534 0.232795844180831
7.62531643582675 0.226677669120286
7.63160276429817 0.220550536257964
7.63788909276958 0.214414687724652
7.644175421241 0.208270365995556
7.65046174971241 0.202117813880723
7.65674807818383 0.195957274515454
7.66303440665524 0.189788991350681
7.66932073512666 0.183613208143357
7.67560706359807 0.177430168946821
7.68189339206949 0.17124011810115
7.6881797205409 0.16504330022351
7.69446604901232 0.15883996019848
7.70075237748374 0.152630343168383
7.70703870595515 0.146414694523598
7.71332503442657 0.140193259892853
7.71961136289798 0.133966285133532
7.7258976913694 0.12773401632195
7.73218401984081 0.121496699743631
7.73847034831223 0.115254581883575
7.74475667678364 0.109007909416522
7.75104300525506 0.102756929197195
7.75732933372647 0.096501888250552
7.76361566219789 0.0902430337620226
7.7699019906693 0.0839806130677395
7.77618831914072 0.0777148736447613
7.78247464761213 0.0714460631012983
7.78876097608355 0.0651744291669243
7.79504730455496 0.0589002196827851
7.80133363302638 0.0526236825918097
7.8076199614978 0.0463450659289057
7.81390628996921 0.0400646178111633
7.82019261844063 0.0337825864280479
7.82647894691204 0.0274992200315902
7.83276527538346 0.0212147669265767
7.83905160385487 0.0149294754607438
7.84533793232629 0.00864359401495252
7.8516242607977 0.0023573709933787
7.85791058926912 -0.0039289451862982
7.86419691774053 -0.0102151061027227
7.87048324621195 -0.0165008633406739
7.87676957468336 -0.0227859685008819
7.88305590315478 -0.0290701732098452
7.88934223162619 -0.035353229129649
7.89562856009761 -0.0416348879677725
7.90191488856902 -0.0479149014869081
7.90820121704044 -0.0541930215147646
7.91448754551185 -0.060468999953878
7.92077387398327 -0.0667425887914181
7.92706020245469 -0.0730135401089806
7.9333465309261 -0.0792816060923955
7.93963285939752 -0.085546539041514
7.94591918786893 -0.0918080913799958
7.95220551634035 -0.0980660156650952
7.95849184481176 -0.104320064597442
7.96477817328318 -0.110569991030807
7.97106450175459 -0.116815547981878
7.97735083022601 -0.123056488640011
7.98363715869742 -0.129292566376988
7.98992348716884 -0.135523534756768
7.99620981564025 -0.141749147545213
8.00249614411167 -0.147969158719832
8.00878247258308 -0.154183322479493
8.0150688010545 -0.160391393254148
8.02135512952592 -0.16659312571452
8.02764145799733 -0.172788274781817
8.03392778646874 -0.178976595637404
8.04021411494016 -0.185157843732485
8.04650044341158 -0.191331774797758
8.05278677188299 -0.197498144853079
8.05907310035441 -0.203656710217101
8.06535942882582 -0.209807227516891
8.07164575729724 -0.215949453697568
8.07793208576865 -0.222083146031894
8.08421841424007 -0.228208062129867
8.09050474271148 -0.234323959948306
8.0967910711829 -0.240430597800415
8.10307739965431 -0.246527734365323
8.10936372812573 -0.252615128697636
8.11565005659715 -0.258692540236953
8.12193638506856 -0.264759728817361
8.12822271353997 -0.270816454676947
8.13450904201139 -0.276862478467257
8.14079537048281 -0.282897561262757
8.14708169895422 -0.28892146457028
8.15336802742564 -0.294933950338448
8.15965435589705 -0.300934780967076
8.16594068436847 -0.306923719316568
8.17222701283988 -0.312900528717282
8.1785133413113 -0.318864972978888
8.18479966978271 -0.324816816399694
8.19108599825413 -0.330755823775971
8.19737232672554 -0.336681760411239
8.20365865519696 -0.342594392125549
8.20994498366838 -0.348493485264727
8.21623131213979 -0.354378806709614
8.2225176406112 -0.360250123885287
8.22880396908262 -0.36610720477023
8.23509029755403 -0.371949817905519
8.24137662602545 -0.377777732403965
8.24766295449687 -0.383590717959232
8.25394928296828 -0.389388544854945
8.2602356114397 -0.395170983973771
8.26652193991111 -0.400937806806457
8.27280826838253 -0.406688785460882
8.27909459685394 -0.412423692671047
8.28538092532536 -0.418142301806059
8.29166725379677 -0.423844386879094
8.29795358226819 -0.429529722556319
8.3042399107396 -0.435198084165804
8.31052623921102 -0.44084924770639
8.31681256768243 -0.446482989856553
8.32309889615385 -0.452099087983226
8.32938522462526 -0.457697320150586
8.33567155309668 -0.463277465128843
8.3419578815681 -0.468839302402969
8.34824421003951 -0.474382612181414
8.35453053851093 -0.479907175404795
8.36081686698234 -0.485412773754556
8.36710319545375 -0.490899189661582
8.37338952392517 -0.496366206314817
8.37967585239659 -0.501813607669812
8.385962180868 -0.507241178457271
8.39224850933942 -0.512648704191567
8.39853483781083 -0.518035971179202
8.40482116628225 -0.523402766527257
8.41110749475366 -0.528748878151817
8.41739382322508 -0.534074094786333
8.42368015169649 -0.53937820598998
8.42996648016791 -0.544661002155982
8.43625280863932 -0.549922274519876
8.44253913711074 -0.555161815167779
8.44882546558216 -0.560379417044595
8.45511179405357 -0.565574873962198
8.46139812252498 -0.570747980607585
8.4676844509964 -0.575898532550987
8.47397077946782 -0.581026326253942
8.48025710793923 -0.58613115907735
8.48654343641065 -0.591212829289472
8.49282976488206 -0.5962711360739
8.49911609335348 -0.601305879537504
8.50540242182489 -0.606316860718319
8.51168875029631 -0.611303881593419
8.51797507876772 -0.61626674508673
8.52426140723914 -0.621205255076827
8.53054773571055 -0.626119216404684
8.53683406418197 -0.63100843488138
8.54312039265338 -0.635872717295781
8.5494067211248 -0.640711871422169
8.55569304959621 -0.645525706027839
8.56197937806763 -0.65031403088066
8.56826570653905 -0.655076656756592
8.57455203501046 -0.659813395447155
8.58083836348188 -0.664524059766883
8.58712469195329 -0.669208463560705
8.59341102042471 -0.673866421711306
8.59969734889612 -0.678497750146455
8.60598367736754 -0.683102265846258
8.61227000583895 -0.687679786850403
8.61855633431037 -0.692230132265356
8.62484266278178 -0.696753122271496
8.6311289912532 -0.701248578130226
8.63741531972461 -0.705716322191042
8.64370164819603 -0.710156177898548
8.64998797666745 -0.714567969799437
8.65627430513886 -0.718951523549414
8.66256063361027 -0.723306665920101
8.66884696208169 -0.727633224805872
8.67513329055311 -0.731931029230657
8.68141961902452 -0.7361999093547
8.68770594749594 -0.740439696481271
8.69399227596735 -0.744650223063326
8.70027860443877 -0.748831322710138
8.70656493291018 -0.752982830193867
8.7128512613816 -0.757104581456087
8.71913758985301 -0.761196413614278
8.72542391832443 -0.765258164968252
8.73171024679584 -0.769289675006546
8.73799657526726 -0.773290784412776
8.74428290373868 -0.777261335071917
8.75056923221009 -0.781201170076556
8.7568555606815 -0.785110133733106
8.76314188915292 -0.788988071567936
8.76942821762433 -0.79283483033349
8.77571454609575 -0.796650258014347
8.78200087456717 -0.800434203833212
8.78828720303858 -0.80418651825689
8.79457353151 -0.807907053002186
8.80085985998141 -0.811595661041769
8.80714618845283 -0.81525219660998
8.81343251692424 -0.818876515208596
8.81971884539566 -0.822468473612533
8.82600517386707 -0.826027929875516
8.83229150233849 -0.829554743335679
8.8385778308099 -0.833048774621128
8.84486415928132 -0.836509885655451
8.85115048775273 -0.839937939663169
8.85743681622415 -0.843332801175145
8.86372314469556 -0.846694336033935
8.87000947316698 -0.850022411399093
8.8762958016384 -0.853316895752418
8.88258213010981 -0.856577658903148
8.88886845858123 -0.859804571993114
8.89515478705264 -0.862997507501825
8.90144111552406 -0.866156339251506
8.90772744399547 -0.869280942412091
8.91401377246689 -0.872371193506153
8.9203001009383 -0.875426970413778
8.92658642940972 -0.878448152377401
8.93287275788113 -0.881434620006572
8.93915908635255 -0.88438625528267
8.94544541482396 -0.88730294156358
8.95173174329538 -0.890184563588289
8.95801807176679 -0.893031007481444
8.96430440023821 -0.895842160757861
8.97059072870963 -0.898617912326959
8.97687705718104 -0.901358152497153
8.98316338565246 -0.904062772980194
8.98944971412387 -0.906731666895444
8.99573604259528 -0.909364728774095
9.0020223710667 -0.911961854563351
9.00830869953812 -0.914522941630522
9.01459502800953 -0.917047888767096
9.02088135648095 -0.919536596192727
9.02716768495236 -0.921988965559183
9.03345401342378 -0.924404899954234
9.03974034189519 -0.92678430390548
9.04602667036661 -0.929127083384119
9.05231299883802 -0.931433145808673
9.05859932730944 -0.933702400048639
9.06488565578085 -0.93593475642809
9.07117198425227 -0.938130126729224
9.07745831272368 -0.940288424195846
9.0837446411951 -0.942409563536799
9.09003096966651 -0.944493460929332
9.09631729813793 -0.946540034022413
9.10260362660935 -0.948549201939987
9.10888995508076 -0.950520885284165
9.11517628355218 -0.952455006138368
9.12146261202359 -0.954351488070405
9.12774894049501 -0.95621025613549
9.13403526896642 -0.958031236879207
9.14032159743784 -0.959814358340411
9.14660792590925 -0.961559550054072
9.15289425438067 -0.963266743054062
9.15918058285208 -0.964935869875877
9.1654669113235 -0.966566864559303
9.17175323979491 -0.968159662651028
9.17803956826633 -0.969714201207182
9.18432589673774 -0.971230418795827
9.19061222520916 -0.972708255499387
9.19689855368058 -0.974147652917014
9.20318488215199 -0.975548554166894
9.20947121062341 -0.976910903888499
9.21575753909482 -0.978234648244771
9.22204386756624 -0.979519734924251
9.22833019603765 -0.980766113143146
9.23461652450907 -0.981973733647338
9.24090285298048 -0.983142548714325
9.2471891814519 -0.984272512155113
9.25347550992331 -0.985363579316037
9.25976183839473 -0.98641570708053
9.26604816686614 -0.98742885387082
9.27233449533756 -0.988402979649581
9.27862082380897 -0.989338045921509
9.28490715228039 -0.990234015734845
9.2911934807518 -0.991090853682839
9.29747980922322 -0.991908525905144
9.30376613769463 -0.992687000089155
9.31005246616605 -0.99342624547129
9.31633879463747 -0.994126232838201
9.32262512310888 -0.994786934527928
9.3289114515803 -0.995408324431
9.33519778005171 -0.995990377991456
9.34148410852313 -0.996533072207822
9.34777043699454 -0.99703638563402
9.35405676546596 -0.997500298380213
9.36034309393737 -0.997924792113592
9.36662942240879 -0.998309850059099
9.3729157508802 -0.998655457000095
9.37920207935162 -0.998961599278954
9.38548840782303 -0.999228264797608
9.39177473629445 -0.999455443018025
9.39806106476586 -0.999643124962621
9.40434739323728 -0.99979130321462
9.4106337217087 -0.999899971918344
9.41692005018011 -0.999969126779446
9.42320637865152 -0.999998765065078
9.42949270712294 -0.999988885603999
9.43577903559436 -0.999939488786625
9.44206536406577 -0.999850576565009
9.44835169253719 -0.999722152452766
9.4546380210086 -0.999554221524934
9.46092434948002 -0.999346790417773
9.46721067795143 -0.999099867328502
9.47349700642285 -0.998813462014978
9.47978333489426 -0.998487585795309
9.48606966336568 -0.998122251547402
9.49235599183709 -0.997717473708463
9.49864232030851 -0.99727326827442
9.50492864877993 -0.996789652799291
9.51121497725134 -0.996266646394495
9.51750130572275 -0.995704269728091
9.52378763419417 -0.995102545023966
9.53007396266558 -0.994461496060953
9.536360291137 -0.993781148171895
9.54264661960842 -0.993061528242639
9.54893294807983 -0.99230266471098
9.55521927655125 -0.991504587565531
9.56150560502266 -0.990667328344542
9.56779193349408 -0.989790920134651
9.57407826196549 -0.988875397569578
9.58036459043691 -0.987920796828758
9.58665091890832 -0.986927155635906
9.59293724737974 -0.985894513257533
9.59922357585115 -0.984822910501389
9.60550990432257 -0.983712389714853
9.61179623279399 -0.982562994783257
9.6180825612654 -0.981374771128156
9.62436888973681 -0.980147765705529
9.63065521820823 -0.978882027003926
9.63694154667965 -0.977577605042549
9.64322787515106 -0.976234551369279
9.64951420362248 -0.974852919058637
9.65580053209389 -0.973432762709684
9.66208686056531 -0.971974138443871
9.66837318903672 -0.970477103902813
9.67465951750814 -0.968941718246012
9.68094584597955 -0.967368042148528
9.68723217445097 -0.965756137798569
9.69351850292238 -0.964106068895042
9.6998048313938 -0.962417900645034
9.70609115986521 -0.96069169976123
9.71237748833663 -0.958927534459285
9.71866381680804 -0.957125474455124
9.72495014527946 -0.955285590962183
9.73123647375088 -0.953407956688603
9.73752280222229 -0.951492645834352
9.74380913069371 -0.949539734088291
9.75009545916512 -0.947549298625188
9.75638178763654 -0.945521418102665
9.76266811610795 -0.94345617265809
9.76895444457937 -0.941353643905409
9.77524077305078 -0.939213914931923
9.7815271015222 -0.937037070295005
9.78781342999361 -0.934823196018757
9.79409975846503 -0.932572379590608
9.80038608693644 -0.930284709957864
9.80667241540786 -0.927960277524183
9.81295874387927 -0.925599174146011
9.81924507235069 -0.92320149312895
9.8255314008221 -0.920767329224068
9.83181772929352 -0.918296778624154
9.83810405776493 -0.915789938959925
9.84439038623635 -0.913246909296155
9.85067671470777 -0.910667790127772
9.85696304317918 -0.908052683375881
9.8632493716506 -0.905401692383732
9.86953570012201 -0.902714921912648
9.87582202859343 -0.899992478137876
9.88210835706484 -0.897234468644389
9.88839468553626 -0.894441002422644
9.89468101400767 -0.891612189864269
9.90096734247909 -0.888748142757698
9.9072536709505 -0.885848974283761
9.91353999942192 -0.882914799011204
9.91982632789333 -0.879945732892164
9.92611265636475 -0.876941893257591
9.93239898483616 -0.873903398812604
9.93868531330758 -0.870830369631805
9.944971641779 -0.867722927154535
9.95125797025041 -0.864581194180068
9.95754429872183 -0.861405294862766
9.96383062719324 -0.858195354707169
9.97011695566466 -0.854951500563035
9.97640328413607 -0.85167386062033
9.98268961260749 -0.848362564404157
9.9889759410789 -0.845017742769646
9.99526226955032 -0.841639527896771
10.0015485980217 -0.838228053285137
10.0078349264931 -0.834783453748703
10.0141212549646 -0.831305865410446
10.020407583436 -0.827795425696992
10.0266939119074 -0.82425227333318
10.0329802403788 -0.82067654833658
10.0392665688502 -0.817068392011961
10.0455528973216 -0.813427946945709
10.0518392257931 -0.809755357000184
10.0581255542645 -0.806050767308046
10.0644118827359 -0.802314324266517
10.0706982112073 -0.798546175531582
10.0769845396787 -0.794746470012176
10.0832708681501 -0.790915357864286
10.0895571966215 -0.787052990485015
10.095843525093 -0.783159520506609
10.1021298535644 -0.779235101790421
10.1084161820358 -0.775279889420822
10.1147025105072 -0.77129403969909
10.1209888389786 -0.767277710137217
10.12727516745 -0.763231059451694
10.1335614959215 -0.759154247557235
10.1398478243929 -0.75504743556046
10.1461341528643 -0.750910785753524
10.1524204813357 -0.74674446160771
10.1587068098071 -0.742548627766962
10.1649931382785 -0.738323450041383
10.1712794667499 -0.734069095400686
10.1775657952214 -0.729785731967584
10.1838521236928 -0.72547352901116
10.1901384521642 -0.721132656940165
10.1964247806356 -0.716763287296298
10.202711109107 -0.712365592747413
10.2089974375784 -0.707939747080703
10.2152837660499 -0.703485925195834
10.2215700945213 -0.699004303098028
10.2278564229927 -0.694495057891109
10.2341427514641 -0.68995836777051
10.2404290799355 -0.685394412016221
10.2467154084069 -0.680803370985712
10.2530017368783 -0.676185426106808
10.2592880653498 -0.671540759870503
10.2655743938212 -0.666869555823773
10.2718607222926 -0.662171998562304
10.278147050764 -0.657448273723201
10.2844333792354 -0.652698567977657
10.2907197077068 -0.647923069023575
10.2970060361783 -0.643121965578141
10.3032923646497 -0.638295447370383
10.3095786931211 -0.63344370513366
10.3158650215925 -0.62856693059813
10.3221513500639 -0.623665316483171
10.3284376785353 -0.618739056489766
10.3347240070067 -0.613788345292853
10.3410103354782 -0.608813378533623
10.3472966639496 -0.603814352811794
10.353582992421 -0.598791465677845
10.3598693208924 -0.593744915625201
10.3661556493638 -0.588674902082393
10.3724419778352 -0.583581625405184
10.3787283063067 -0.578465286868637
10.3850146347781 -0.573326088659172
10.3913009632495 -0.568164233866577
10.3975872917209 -0.562979926475967
10.4038736201923 -0.557773371359746
10.4101599486637 -0.552544774269496
10.4164462771351 -0.547294341827843
10.4227326056066 -0.542022281520304
10.429018934078 -0.536728801687085
10.4353052625494 -0.531414111514832
10.4415915910208 -0.526078421028388
10.4478779194922 -0.520721941082482
10.4541642479636 -0.515344883353387
10.4604505764351 -0.509947460330573
10.4667369049065 -0.504529885308303
10.4730232333779 -0.499092372377193
10.4793095618493 -0.493635136415771
10.4855958903207 -0.488158393081971
10.4918822187921 -0.482662358804614
10.4981685472635 -0.477147250774862
10.504454875735 -0.471613286937625
10.5107412042064 -0.466060685982953
10.5170275326778 -0.460489667337397
10.5233138611492 -0.454900451155333
10.5296001896206 -0.449293258310259
10.535886518092 -0.443668310386081
10.5421728465634 -0.438025829668337
10.5484591750349 -0.432366039135428
10.5547455035063 -0.426689162449797
10.5610318319777 -0.420995423949098
10.5673181604491 -0.415285048637324
10.5736044889205 -0.409558262175918
10.5798908173919 -0.403815290874858
10.5861771458634 -0.398056361683709
10.5924634743348 -0.392281702182655
10.5987498028062 -0.386491540573513
10.6050361312776 -0.380686105670703
10.611322459749 -0.374865626892214
10.6176087882204 -0.36903033425054
10.6238951166918 -0.363180458343576
10.6301814451633 -0.357316230345526
10.6364677736347 -0.351437881997755
10.6427541021061 -0.345545645599624
10.6490404305775 -0.339639753999331
10.6553267590489 -0.333720440584695
10.6616130875203 -0.327787939273926
10.6678994159918 -0.321842484506402
10.6741857444632 -0.315884311233392
10.6804720729346 -0.309913654908762
10.686758401406 -0.303930751479692
10.6930447298774 -0.297935837377335
10.6993310583488 -0.29192914950748
10.7056173868202 -0.285910925241192
10.7119037152917 -0.279881402405426
10.7181900437631 -0.273840819273631
10.7244763722345 -0.267789414556338
10.7307627007059 -0.26172742739172
10.7370490291773 -0.255655097336146
10.7433353576487 -0.249572664354715
10.7496216861202 -0.243480368811768
10.7559080145916 -0.237378451461396
10.762194343063 -0.231267153437919
10.7684806715344 -0.225146716246364
10.7747670000058 -0.219017381752918
10.7810533284772 -0.212879392175363
10.7873396569486 -0.206732990073522
10.7936259854201 -0.200578418339654
10.7999123138915 -0.194415920188863
10.8061986423629 -0.188245739149497
10.8124849708343 -0.182068119053504
10.8187712993057 -0.175883304026812
10.8250576277771 -0.169691538479681
10.8313439562486 -0.163493067097029
10.83763028472 -0.157288134828783
10.8439166131914 -0.151076986880192
10.8502029416628 -0.144859868702124
10.8564892701342 -0.138637025981387
10.8627755986056 -0.132408704631008
10.869061927077 -0.126175150780516
10.8753482555485 -0.119936610766214
10.8816345840199 -0.113693331121456
10.8879209124913 -0.107445558566888
10.8942072409627 -0.101193540000707
10.9004935694341 -0.0949375224889036
10.9067798979055 -0.088677753255502
10.913066226377 -0.0824144796727808
10.9193525548484 -0.0761479492515029
10.9256388833198 -0.0698784096311396
10.9319252117912 -0.0636061085700737
10.9382115402626 -0.0573312939358144
10.944497868734 -0.0510542136952066
10.9507841972054 -0.044775115904622
10.9570705256769 -0.0384942487001613
10.9633568541483 -0.0322118602878557
10.9696431826197 -0.0259281989338385
10.9759295110911 -0.019643512954558
10.9822158395625 -0.0133580507069528
10.9885021680339 -0.00707206057862792
10.9947884965054 -0.000785790978059191
11.0010748249768 0.00550050967523317
11.0073611534482 0.0117865929605125
11.0136474819196 0.0180722104656215
11.019933810391 0.0243571137968093
11.0262201388624 0.0306410545885583
11.0325064673338 0.0369237845133761
11.0387927958053 0.043205055291628
11.0450791242767 0.0494846187013415
11.0513654527481 0.0557622265880104
11.0576517812195 0.0620376308744118
11.0639381096909 0.068310583570404
11.0702244381623 0.0745808367827216
11.0765107666337 0.0808481427247821
11.0827970951052 0.0871122537264727
11.0890834235766 0.0933729222439321
11.095369752048 0.099629900869344
11.1016560805194 0.105882942340707
11.1079424089908 0.112131799551607
11.1142287374622 0.118376225560981
11.1205150659337 0.12461597360288
11.1268013944051 0.130850797096218
11.1330877228765 0.137080449654512
11.1393740513479 0.143304685095628
11.1456603798193 0.149523257451504
11.1519467082907 0.155735920977866
11.1582330367621 0.161942430163949
11.1645193652336 0.168142539742194
11.170805693705 0.174336004697933
11.1770920221764 0.180522580279092
11.1833783506478 0.186702022005838
11.1896646791192 0.192874085680253
11.1959510075906 0.199038527395994
11.2022373360621 0.205195103547911
11.2085236645335 0.211343570841682
11.2148099930049 0.217483686303441
11.2210963214763 0.223615207289358
11.2273826499477 0.229737891495236
11.2336689784191 0.235851496966101
11.2399553068905 0.241955782105735
11.246241635362 0.248050505686249
11.2525279638334 0.254135426857605
11.2588142923048 0.260210305157128
11.2651006207762 0.266274900519022
11.2713869492476 0.272328973283849
11.277673277719 0.278372284207996
11.2839596061905 0.284404594473139
11.2902459346619 0.290425665695677
11.2965322631333 0.296435259936145
11.3028185916047 0.302433139708629
11.3091049200761 0.308419067990141
11.3153912485475 0.314392808229995
11.3216775770189 0.32035412435914
11.3279639054904 0.326302780799508
11.3342502339618 0.332238542473311
11.3405365624332 0.33816117481233
11.3468228909046 0.344070443767192
11.353109219376 0.349966115816618
11.3593955478474 0.355847957976641
11.3656818763189 0.361715737809827
11.3719682047903 0.367569223434455
11.3782545332617 0.373408183533671
11.3845408617331 0.379232387364652
11.3908271902045 0.385041604767697
11.3971135186759 0.390835606175338
11.4033998471473 0.396614162621419
11.4096861756188 0.402377045750124
11.4159725040902 0.408124027825015
11.4222588325616 0.413854881738031
11.428545161033 0.41956938101846
11.4348314895044 0.425267299841886
11.4411178179758 0.430948413039118
11.4474041464473 0.436612496105089
11.4536904749187 0.442259325207721
11.4599768033901 0.447888677196776
11.4662631318615 0.453500329612672
11.4725494603329 0.45909406069528
11.4788357888043 0.464669649392676
11.4851221172757 0.470226875369886
11.4914084457472 0.475765519017593
11.4976947742186 0.481285361460805
11.50398110269 0.486786184567521
11.5102674311614 0.492267770957339
11.5165537596328 0.497729904010044
11.5228400881042 0.503172367874185
11.5291264165757 0.508594947475586
11.5354127450471 0.51399742852585
11.5416990735185 0.519379597530844
11.5479854019899 0.524741241799109
11.5542717304613 0.530082149450281
11.5605580589327 0.53540210942347
11.5668443874041 0.540700911485582
11.5731307158756 0.545978346239638
11.579417044347 0.551234205133056
11.5857033728184 0.556468280465875
11.5919897012898 0.561680365398978
11.5982760297612 0.56687025396226
11.6045623582326 0.572037741062762
11.610848686704 0.577182622492788
11.6171350151755 0.582304694937967
11.6234213436469 0.587403755985284
11.6297076721183 0.592479604131089
11.6359940005897 0.597532038789055
11.6422803290611 0.602560860298098
11.6485666575325 0.607565869930281
11.654852986004 0.612546869898656
11.6611393144754 0.617503663365087
11.6674256429468 0.622436054448019
11.6737119714182 0.627343848230233
11.6799982998896 0.632226850766538
11.686284628361 0.637084869091435
11.6925709568324 0.641917711226753
11.6988572853039 0.646725186189224
11.7051436137753 0.651507103998033
11.7114299422467 0.656263275682333
11.7177162707181 0.660993513288703
11.7240025991895 0.665697629888578
11.7302889276609 0.670375439585645
11.7365752561324 0.675026757523174
11.7428615846038 0.679651399891332
11.7491479130752 0.684249183934452
11.7554342415466 0.688819927958242
11.761720570018 0.693363451336972
11.7680068984894 0.697879574520619
11.7742932269608 0.702368119041949
11.7805795554323 0.706828907523574
11.7868658839037 0.711261763684971
11.7931522123751 0.715666512349435
11.7994385408465 0.720042979451009
11.8057248693179 0.724390992041363
11.8120111977893 0.728710378296622
11.8182975262608 0.733000967524163
11.8245838547322 0.737262590169362
11.8308701832036 0.741495077822282
11.837156511675 0.745698263224344
11.8434428401464 0.749871980274927
11.8497291686178 0.754016064037933
11.8560154970892 0.758130350748307
11.8623018255607 0.762214677818509
11.8685881540321 0.766268883844938
11.8748744825035 0.770292808614307
11.8811608109749 0.774286293109981
11.8874471394463 0.778249179518258
11.8937334679177 0.7821813112346
11.9000197963892 0.786082532869831
11.9063061248606 0.789952690256274
11.912592453332 0.793791630453839
11.9188787818034 0.797599201756072
11.9251651102748 0.801375253696151
11.9314514387462 0.805119637052824
11.9377377672176 0.808832203856319
11.9440240956891 0.812512807394179
11.9503104241605 0.816161302217064
11.9565967526319 0.819777544144505
11.9628830811033 0.823361390270591
11.9691694095747 0.826912698969623
11.9754557380461 0.830431329901712
11.9817420665176 0.833917144018319
11.988028394989 0.837370003567755
11.9943147234604 0.840789772100622
12.0006010519318 0.844176314475206
12.0068873804032 0.84752949686282
12.0131737088746 0.850849186753086
12.019460037346 0.854135252959178
12.0257463658175 0.857387565623005
12.0320326942889 0.860605996220339
12.0383190227603 0.863790417565898
12.0446053512317 0.866940703818371
12.0508916797031 0.870056730485389
12.0571780081745 0.873138374428448
12.063464336646 0.876185513867774
12.0697506651174 0.879198028387131
12.0760369935888 0.882175798938589
12.0823233220602 0.885118707847219
12.0886096505316 0.888026638815747
12.094895979003 0.890899476929155
12.1011823074744 0.893737108659212
12.1074686359459 0.896539421868966
12.1137549644173 0.89930630581718
12.1200412928887 0.902037651162698
12.1263276213601 0.904733349968772
12.1326139498315 0.907393295707331
12.1389002783029 0.910017383263181
12.1451866067743 0.912605508938166
12.1514729352458 0.915157570455267
12.1577592637172 0.917673466962637
12.1640455921886 0.920153099037593
12.17033192066 0.922596368690542
12.1766182491314 0.925003179368852
12.1829045776028 0.927373435960673
12.1891909060743 0.929707044798689
12.1954772345457 0.932003913663822
12.2017635630171 0.934263951788878
12.2080498914885 0.936487069862135
12.2143362199599 0.938673180030864
12.2206225484313 0.940822195904813
12.2269088769027 0.94293403255961
12.2331952053742 0.945008606540129
12.2394815338456 0.947045835863777
12.245767862317 0.949045640023742
12.2520541907884 0.951007939992175
12.2583405192598 0.952932658223304
12.2646268477312 0.954819718656509
12.2709131762027 0.956669046719322
12.2771995046741 0.958480569330374
12.2834858331455 0.960254214902285
12.2897721616169 0.961989913344492
12.2960584900883 0.963687596066019
12.3023448185597 0.965347195978187
12.3086311470311 0.966968647497268
12.3149174755026 0.968551886547069
12.321203803974 0.970096850561476
12.3274901324454 0.971603478486916
12.3337764609168 0.973071710784773
12.3400627893882 0.974501489433746
12.3463491178596 0.975892757932134
12.3526354463311 0.977245461300072
12.3589217748025 0.978559546081705
12.3652081032739 0.979834960347301
12.3714944317453 0.981071653695298
12.3777807602167 0.982269577254302
12.3840670886881 0.983428683685014
12.3903534171595 0.984548927182104
12.396639745631 0.985630263476018
12.4029260741024 0.98667264983473
12.4092124025738 0.987676045065429
12.4154987310452 0.988640409516147
12.4217850595166 0.989565705077327
12.428071387988 0.990451895183328
12.4343577164595 0.991298944813871
12.4406440449309 0.992106820495422
12.4469303734023 0.992875490302514
12.4532167018737 0.993604923859012
12.4595030303451 0.994295092339309
12.4657893588165 0.994945968469469
12.4720756872879 0.995557526528302
12.4783620157594 0.996129742348381
12.4846483442308 0.996662593316999
12.4909346727022 0.997156058377059
12.4972210011736 0.997610118027912
12.503507329645 0.998024754326119
12.5097936581164 0.99839995088617
12.5160799865879 0.998735692881122
12.5223663150593 0.999031967043192
12.5286526435307 0.99928876166428
12.5349389720021 0.999506066596426
12.5412253004735 0.99968387325222
12.5475116289449 0.999822174605134
12.5537979574163 0.999920965189804
12.5600842858878 0.999980241102244
12.5663706143592 1
