0 0 0
0.216661562316537 0.215042175265273 0.214970440211024
0.433323124633075 0.420177697420973 0.419889101560265
0.649984686949612 0.605810284008826 0.605174215193765
0.86664624926615 0.763266084460032 0.762162055127636
1.08330781158269 0.885176174041187 0.883512044446023
1.29996937389922 0.96584597786654 0.963549992519223
1.51663093621576 1.0014993397667 0.998533413851124
1.7332924985323 0.990471046708365 0.986826522541526
1.94995406084884 0.933277406722081 0.928976719816792
2.16661562316537 0.832589635529073 0.827688998156891
2.38327718548191 0.693120837051744 0.687699458853424
2.59993874779845 0.521386081064488 0.515553857177022
2.81660031011499 0.325421961802198 0.31930153013598
3.03326187243152 0.114386016264434 0.108119018423942
3.24992343474806 -0.10185072478439 -0.108119018423941
3.4665849970646 -0.313177138003028 -0.31930153013598
3.68324655938114 -0.509714956352694 -0.515553857177022
3.89990812169767 -0.682268916630748 -0.687699458853423
4.11656968401421 -0.822777067837639 -0.82768899815689
4.33323124633075 -0.924663166311792 -0.928976719816791
4.54989280864729 -0.983168212738027 -0.986826522541526
4.76655437096382 -0.995553515502457 -0.998533413851124
4.98321593328036 -0.961240591587886 -0.963549992519223
5.1998774955969 -0.881835762052275 -0.883512044446023
5.41653905791344 -0.761047733036304 -0.762162055127636
5.63320062022997 -0.604530198083164 -0.605174215193765
5.84986218254651 -0.419595163394923 -0.419889101560265
6.06652374486305 -0.214896104661226 -0.214970440211024
6.28318530717959 1.55264032772155E-08 -2.44921270764475E-16
6.49984686949612 0.215043079568003 0.214970440211023
