0 1 
0.433323124633075 0.907574267262907 
0.86664624926615 0.647384761059404 
1.29996937389922 0.267527467297952 
1.7332924985323 -0.161781361643719 
2.16661562316537 -0.561184562642787 
2.59993874779845 -0.856853070233734 
3.03326187243152 -0.994133052252442 
3.4665849970646 -0.947648540459695 
3.89990812169767 -0.725992116262994 
4.33323124633075 -0.370136593139396 
4.76655437096382 0.0541387087861818 
5.1998774955969 0.468407116673984 
5.63320062022997 0.796091604962428 
6.06652374486305 0.976619912967297 
6.49984686949612 0.976619912967297 
6.9331699941292 0.796091604962428 
7.36649311876227 0.468407116673984 
7.79981624339535 0.0541387087861831 
8.23313936802842 -0.370136593139395 
8.6664624926615 -0.725992116262993 
9.09978561729457 -0.947648540459695 
9.53310874192765 -0.994133052252442 
9.96643186656072 -0.856853070233735 
10.3997549911938 -0.561184562642787 
10.8330781158269 -0.161781361643718 
11.2664012404599 0.267527467297953 
11.699724365093 0.647384761059404 
12.1330474897261 0.907574267262907 
12.5663706143592 1 
12.9996937389922 1.00136200126256 
