0 0 
0.330693963535768 0.324699103307976 
0.661387927071535 0.614212378171381 
0.992081890607303 0.837166319085067 
1.32277585414307 0.969400238918383 
1.65346981767884 0.996584491509883 
1.98416378121461 0.915773403671648 
2.31485774475037 0.735724895545439 
2.64555170828614 0.475948686577785 
2.97624567182191 0.164595716584479 
3.30693963535768 -0.164593889464496 
3.63763359889344 -0.475947136256801 
3.96832756242921 -0.735724048681573 
4.29902152596498 -0.915774461616231 
4.62971548950075 -0.996586263476655 
4.96040945303652 -0.969402161702036 
5.29110341657228 -0.837167984202762 
5.62179738010805 -0.614213450762956 
5.95249134364382 -0.324699389601913 
6.28318530717959 6.16253794734389E-07 
6.61387927071535 0.324700656149922 
