0 0.999997427220368 
0.330693963535768 0.946690803078059 
0.661387927071535 0.792219096190213 
0.992081890607303 0.55241793621481 
1.32277585414307 0.253313398662467 
1.65346981767884 -0.0726674590635287 
1.98416378121461 -0.399692816256331 
2.31485774475037 -0.673652185819198 
2.64555170828614 -0.874642296945649 
2.97624567182191 -0.980826191694314 
3.30693963535768 -0.980599935927791 
3.63763359889344 -0.873845103998602 
3.96832756242921 -0.678881397432191 
4.29902152596498 -0.402769370219311 
4.62971548950075 -0.0831292594661805 
4.96040945303652 0.245681039130697 
5.29110341657228 0.548313834542062 
5.62179738010805 0.792246936253879 
5.95249134364382 0.946687674730306 
6.28318530717959 1.00255209591774 
6.61387927071535 0.950480491862109 
