0 0 
0.330693963535768 0.0541827945852029 
0.661387927071535 0.210859626418403 
0.992081890607303 0.453052132406774 
1.32277585414307 0.754514996521519 
1.65346981767884 1.08258003965419 
1.98416378121461 1.40169632387108 
2.31485774475037 1.67728264861396 
2.64555170828614 1.87947495948012 
2.97624567182191 1.98636258191959 
3.30693963535768 1.98636258332309 
3.63763359889344 1.87947496354026 
3.96832756242921 1.67728265485542 
4.29902152596498 1.4016963310317 
4.62971548950075 1.08258004624484 
4.96040945303652 0.754515001734289 
5.29110341657228 0.453052135776014 
5.62179738010805 0.210859627769579 
5.95249134364382 0.0541827939960971 
6.28318530717959 2.5956770300023E-10 
6.61387927071535 0.0541827930519527 
