0 0
0.0476190476190476 -0.0909634216209072
0.0952380952380952 -0.173844344465075
0.142857142857143 -0.241278433496103
0.19047619047619 -0.287273875329791
0.238095238095238 -0.307743773443034
0.285714285714286 -0.300869285794598
0.333333333333333 -0.267261241394292
0.380952380952381 -0.209905863920316
0.428571428571429 -0.133899429307245
0.476190476190476 -0.0459954418406652
0.523809523809524 0.0459954422868101
0.571428571428571 0.133899428737483
0.619047619047619 0.209905863646566
0.666666666666667 0.267261242029146
0.714285714285714 0.300869285851601
0.761904761904762 0.307743772844889
0.80952380952381 0.287273875488072
0.857142857142857 0.241278433902237
0.904761904761905 0.173844344227707
0.952380952380952 0.0909634215032692
1 0
