0 0
0.0476190476190476 0.133899428867027
0.0952380952380952 0.241278433825617
0.142857142857143 0.300869286104443
0.19047619047619 0.300869285168679
0.238095238095238 0.24127843258156
0.285714285714286 0.133899428208057
0.333333333333333 -1.31060475623276E-09
0.380952380952381 -0.13389943093774
0.428571428571429 -0.241278434895113
0.476190476190476 -0.300869286371354
0.523809523809524 -0.300869286945965
0.571428571428571 -0.241278434595805
0.619047619047619 -0.133899428969156
0.666666666666667 -6.23235799908364E-10
0.714285714285714 0.133899427712199
0.761904761904762 0.241278433091701
0.80952380952381 0.300869285061604
0.857142857142857 0.30086928438191
0.904761904761905 0.241278432814629
0.952380952380952 0.133899428908232
1 0
