    -3.969      1.39968448
    -3.906      0.51881309
    -3.844      0.35040309
    -3.781      0.28531625
    -3.719      0.25635147
    -3.656      0.24576904
    -3.594      0.24751508
    -3.531      0.25983639
    -3.469      0.28339905
    -3.406      0.32113703
    -3.344      0.37930327
    -3.281      0.47057978
    -3.219      0.62289688
    -3.156      0.90968437
    -3.094      1.60138066
    -3.031      5.13557331
    -2.969     -5.55499776
    -2.906     -2.02661363
    -2.844     -1.34686188
    -2.781     -1.07885209
    -2.719     -0.95330704
    -2.656     -0.89859304
    -2.594     -0.88950732
    -2.531     -0.91754724
    -2.469     -0.98304044
    -2.406     -1.09387299
    -2.344     -1.26829532
    -2.281     -1.54408989
    -2.219     -2.00494933
    -2.156     -2.87119130
    -2.094     -4.95427141
    -2.031    -15.56720659
    -1.969     16.49139961
    -1.906      5.88984587
    -1.844      3.83013847
    -1.781      3.00055736
    -1.719      2.59180350
    -1.656      2.38688777
    -1.594      2.30715962
    -1.531      2.32254146
    -1.469      2.42688109
    -1.406      2.63213189
    -1.344      2.97256716
    -1.281      3.52245507
    -1.219      4.44848132
    -1.156      6.19100625
    -1.094     10.37300576
    -1.031     31.62088839
    -0.969    -32.46744298
    -0.906    -11.22751869
    -0.844     -7.06181780
    -0.781     -5.34474281
    -0.719     -4.45466227
    -0.656     -3.95328286
    -0.594     -3.67703564
    -0.531     -3.55639161
    -0.469     -3.56448160
    -0.406     -3.70143547
    -0.344     -3.99438712
    -0.281     -4.51314556
    -0.219     -5.42158661
    -0.156     -7.15835098
    -0.094    -11.34547505
    -0.031    -32.60904115
     0.031     31.45283484
     0.094     10.17493864
     0.156      5.95840867
     0.219      4.17558025
     0.281      3.20178845
     0.344      2.59434184
     0.406      2.18323988
     0.469      1.88933301
     0.531      1.67085072
     0.594      1.50370814
     0.656      1.37307055
     0.719      1.26932217
     0.781      1.18597205
     0.844      1.11849232
     0.906      1.06363827
     0.969      1.01903252
     1.031      0.98290109
     1.094      0.95390050
     1.156      0.93100135
     1.219      0.91340818
     1.281      0.90050300
     1.344      0.89180501
     1.406      0.88694120
     1.469      0.88562485
     1.531      0.88763945
     1.594      0.89282671
     1.656      0.90107755
     1.719      0.91232531
     1.781      0.92654066
     1.844      0.94372790
     1.906      0.96392218
     1.969      0.98718775
     2.031      1.01361675
     2.094      1.04332867
     2.156      1.07647032
     2.219      1.11321622
     2.281      1.15376947
     2.344      1.19836298
     2.406      1.24726106
     2.469      1.30076150
     2.531      1.35919790
     2.594      1.42294256
     2.656      1.49240969
     2.719      1.56805912
     2.781      1.65040056
     2.844      1.73999831
     2.906      1.83747666
     2.969      1.94352589
     3.031      2.05890902
     3.094      2.18446940
     3.156      2.32113912
     3.219      2.46994848
     3.281      2.63203661
     3.344      2.80866323
     3.406      3.00122193
     3.469      3.21125495
     3.531      3.44046969
     3.594      3.69075727
     3.656      3.96421323
     3.719      4.26316074
     3.781      4.59017655
     3.844      4.94812019
     3.906      5.34016653
     3.969      5.76984248
     4.031      6.24106796
     4.094      6.75820221
     4.156      7.32609534
     4.219      7.95014668
     4.281      8.63637012
     4.344      9.39146767
     4.406     10.22291220
     4.469     11.13904059
     4.531     12.14915858
     4.594     13.26365894
     4.656     14.49415464
     4.719     15.85362899
     4.781     17.35660509
     4.844     19.01933697
     4.906     20.86002552
     4.969     22.89906233
     5.031     25.15930523
     5.094     27.66639030
     5.156     30.44908377
     5.219     33.53968132
     5.281     36.97445958
     5.344     40.79418769
     5.406     45.04470689
     5.469     49.77758765
     5.531     55.05087483
     5.594     60.92993328
     5.656     67.48840754
     5.719     74.80931181
     5.781     82.98626809
     5.844     92.12491345
     5.906    102.34450020
     5.969    113.77971596
    -3.969 1.39968447557767 1
    -2.969 -5.55499776244887 -3.96875
    -1.969 16.4913996072701 11.7822265625
    -0.969 -32.4674429768129 -23.1962585449219
     0.031 31.4528348390204 22.4713754653931
     1.031 0.982901088719387 0.702230483293533
     2.031 1.01361674774187 0.724175185896456
     3.031 2.05890901885067 1.47098084635218
     4.031 6.24106796339109 4.45891069050504
     5.031 25.1593052274203 17.9749837210984
     6.031 126.582754425459 90.4366368467765
     7.031 763.452237628547 545.44596598212
     8.031 5368.02354582572 3835.16694831178
     9.031 43111.9391024128 30801.184553629
    10.031 389354.701723031 278173.197999962
    11.031 3905714.36104586 2790424.89243712
    12.031 43084911.6053272 30781874.594697
    13.031 518365343.189919 370344428.717448
    14.031 6754948382.04553 4826050836.72424
    15.031 94780369518.5134 67715525802.787
    16.031 1424667429657.14 1017848997223.14
    17.031 22839199735350.4 16317391736733.5
    18.031 388980120536490 277905578016243
    19.031 7.01379779898971e+15 5.01098495360537e+15
    20.031 1.33481339369882e+17 9.53653073983023e+16
    21.031 2.67379807936963e+18 1.91028631382224e+18
    22.031 5.62333158585866e+19 4.0175709037574e+19
    23.031 1.23889024004041e+21 8.85121089734053e+20
    24.031 2.853319084148e+22 2.03854450979374e+22
    25.031 6.85688242419592e+23 4.89887727509808e+23
    26.031 1.7163633818268e+25 1.22625021792299e+25
    27.031 4.46790842835975e+26 3.19208259853078e+26
    28.031 1.20773149705003e+28 8.62859827415352e+27
    29.031 3.38542235268893e+29 2.41870395372366e+29
    30.031 9.82830426769828e+30 7.02179991565399e+30
    31.031 2.95156262540508e+32 2.10873428716984e+32
    32.031 9.15906777199062e+33 6.54366608487391e+33
    33.031 2.93376389572381e+35 2.09601804281117e+35
    34.031 9.69058886808498e+36 6.92340959766066e+36
    35.031 3.29782852417651e+38 2.35612282870389e+38
    36.031 1.15527055487746e+40 8.25379278430333e+39
    37.031 4.1625842180486e+41 2.97394471259429e+41
    38.031 1.54145696824792e+43 1.10128890138257e+43
    39.031 5.86235353237365e+44 4.1883393530706e+44
    40.031 2.28814986310658e+46 1.63476120374537e+46
    41.031 9.15974992075518e+47 6.54415344374318e+47
    42.031 3.75835988936225e+49 2.68514795988587e+49
    43.031 1.57968564099845e+51 1.12860125188953e+51
    44.031 6.79758477392482e+52 4.85651226203714e+52
    45.031 2.99306154577002e+54 2.13838305537823e+54
    46.031 1.34781302733002e+56 9.62940619625008e+55
    47.031 6.20415184143044e+57 4.43253603971137e+57
    48.031 2.91789016292369e+59 2.08467710617675e+59
    49.031 1.40149911887959e+61 1.00129647256052e+61
    50.031 6.87172536725795e+62 4.9094817670233e+62
    51.031 3.43801009780707e+64 2.45627509656385e+64
    52.031 1.75445952803745e+66 1.25346788521524e+66
    53.031 9.1286722318212e+67 6.52195009026054e+67
    54.031 4.84104899293828e+69 3.45867165724129e+69
    55.031 2.61567928399727e+71 1.86876352980318e+71
    56.031 1.43944100597498e+73 1.02840392999482e+73
    57.031 8.06536788660415e+74 5.7622757702522e+74
    58.031 4.59978012282941e+76 3.28629790022196e+76
    59.031 2.66930990252958e+78 1.90707975022255e+78
    60.031 1.57572700183707e+80 1.12577301505325e+80
    61.031 9.45928615790423e+81 6.75815613099155e+81
    62.031 5.77312058324616e+83 4.12458716369578e+83
    63.031 3.58113886179506e+85 2.55853297498004e+85
    64.031 2.25723658882535e+87 1.61267531579211e+87
    65.031 1.44533680328229e+89 1.03261616314313e+89
    66.031 9.3992058988453e+90 6.71523198594019e+90
    67.031 6.20641314508165e+92 4.43415162071613e+92
    68.031 4.16023631131287e+94 2.97226725826128e+94
    69.031 2.83026076554013e+96 2.02207056913588e+96
    70.031 1.95376438471187e+98 1.39586058975661e+98
    71.031 1.36824562066866e+100 9.77538619263926e+99
    72.031 9.71881967431141e+101 6.94357900495908e+101
    73.031 7.00058729665267e+103 5.00154675200959e+103
    74.031 5.1126164100869e+105 3.652692112327e+105
    75.031 3.78493383609273e+107 2.70413362940708e+107
    76.031 2.83988316889324e+109 2.0289452638145e+109
    77.031 2.15919867184928e+111 1.54263244589396e+111
    78.031 1.66325772690875e+113 1.18830905597769e+113
    79.031 1.2978607950286e+115 9.27252410242594e+114
    80.031 1.02571560957103e+117 7.3281917046985e+116
    81.031 8.20893023784825e+118 5.86484342366652e+118
    82.031 6.6517987833562e+120 4.75235593673978e+120
    83.031 5.45655368947215e+122 3.89841697935685e+122
    84.031 4.5306447352899e+124 3.23690434817223e+124
    85.031 3.80715740412353e+126 2.72001118507348e+126
    86.031 3.23727353019366e+128 2.31285951080779e+128
    87.031 2.78506688394482e+130 1.98978194789183e+130
    88.031 2.42387852243312e+132 1.73173210152461e+132
    89.031 2.13377056177947e+134 1.52446541562338e+134
    90.031 1.89972260328433e+136 1.35725061534719e+136
    91.031 1.71034400626942e+138 1.22194969462977e+138
    92.031 1.55694752820722e+140 1.11235608139266e+140
    93.031 1.43287827205309e+142 1.02371520615668e+142
    94.031 1.3330245674694e+144 9.52375052727639e+143
    95.031 1.25345966359864e+146 8.95530166767959e+145
    96.031 1.19117838656352e+148 8.51033511606676e+147
    97.031 1.14390349434685e+150 8.17258119114786e+149
    98.031 1.10994385935841e+152 7.92995768703565e+151
    99.031 1.08809183962719e+154 7.77383664507214e+153
