    -3.000     -0.99997789
    -2.938     -0.99996735
    -2.875     -0.99995212
    -2.813     -0.99993032
    -2.750     -0.99989934
    -2.688     -0.99985566
    -2.625     -0.99979456
    -2.563     -0.99970976
    -2.500     -0.99959296
    -2.438     -0.99943336
    -2.375     -0.99921695
    -2.313     -0.99892581
    -2.250     -0.99853715
    -2.188     -0.99802237
    -2.125     -0.99734583
    -2.063     -0.99646362
    -2.000     -0.99532214
    -1.938     -0.99385670
    -1.875     -0.99198997
    -1.813     -0.98963057
    -1.750     -0.98667165
    -1.688     -0.98298974
    -1.625     -0.97844379
    -1.563     -0.97287471
    -1.500     -0.96610527
    -1.438     -0.95794074
    -1.375     -0.94817021
    -1.313     -0.93656870
    -1.250     -0.92290022
    -1.188     -0.90692177
    -1.125     -0.88838823
    -1.063     -0.86705821
    -1.000     -0.84270069
    -0.938     -0.81510227
    -0.875     -0.78407493
    -0.813     -0.74946391
    -0.750     -0.71115557
    -0.688     -0.66908466
    -0.625     -0.62324095
    -0.563     -0.57367458
    -0.500     -0.52050002
    -0.438     -0.46389824
    -0.375     -0.40411694
    -0.313     -0.34146857
    -0.250     -0.27632626
    -0.188     -0.20911756
    -0.125     -0.14031619
    -0.063     -0.07043210
     0.000      0.00000000
     0.063      0.07043210
     0.125      0.14031619
     0.188      0.20911756
     0.250      0.27632626
     0.313      0.34146857
     0.375      0.40411694
     0.438      0.46389824
     0.500      0.52050002
     0.563      0.57367458
     0.625      0.62324095
     0.688      0.66908466
     0.750      0.71115557
     0.813      0.74946391
     0.875      0.78407493
     0.938      0.81510227
     1.000      0.84270069
     1.063      0.86705821
     1.125      0.88838823
     1.188      0.90692177
     1.250      0.92290022
     1.313      0.93656870
     1.375      0.94817021
     1.438      0.95794074
     1.500      0.96610527
     1.563      0.97287471
     1.625      0.97844379
     1.688      0.98298974
     1.750      0.98667165
     1.813      0.98963057
     1.875      0.99198997
     1.938      0.99385670
     2.000      0.99532214
     2.063      0.99646362
     2.125      0.99734583
     2.188      0.99802237
     2.250      0.99853715
     2.313      0.99892581
     2.375      0.99921695
     2.438      0.99943336
     2.500      0.99959296
     2.563      0.99970976
     2.625      0.99979456
     2.688      0.99985566
     2.750      0.99989934
     2.813      0.99993032
     2.875      0.99995212
     2.938      0.99996735
