-1 -0.367586794919143 -0.388942898256705 -0.187462902398468
-0.97979797979798 -0.375241233867916 -0.36866212979572 -0.194966905580486
-0.95959595959596 -0.382474830875273 -0.347281891336895 -0.202621330356683
-0.939393939393939 -0.389265513844807 -0.324815863718634 -0.21041745145412
-0.919191919191919 -0.395591481055962 -0.301277202599534 -0.218346100447883
-0.898989898989899 -0.401431194916884 -0.276678978207819 -0.226397671145155
-0.878787878787879 -0.406763385053838 -0.251034658725846 -0.234562124935909
-0.858585858585859 -0.41156706154449 -0.224358629849592 -0.242828996307257
-0.838383838383838 -0.415821538945166 -0.196666742439497 -0.251187398733196
-0.818181818181818 -0.419506471593418 -0.167976879649133 -0.259626031162991
-0.797979797979798 -0.422601900488664 -0.138309534490357 -0.26813318533934
-0.777777777777778 -0.425088311867665 -0.107688388475781 -0.27669675418171
-0.757575757575758 -0.426946707400258 -0.0761408817781609 -0.285304241470677
-0.737373737373737 -0.428158685736627 -0.043698765267118 -0.293942773065653
-0.717171717171717 -0.428706534942928 -0.0103986248305836 -0.302599109880942
-0.696969696969697 -0.428573335169826 0.023717631435916 -0.311259662833823
-0.676767676767677 -0.427743070711145 0.0586023322835337 -0.319910509963162
-0.656565656565657 -0.426200750429935 0.0942016572847594 -0.328537415898213
-0.636363636363636 -0.423932535359431 0.130455313844111 -0.337125853834908
-0.616161616161616 -0.420925872129119 0.167296284676958 -0.345661030151159
-0.595959595959596 -0.417169630723882 0.204650652388832 -0.35412791176404
-0.575757575757576 -0.412654244959201 0.242437506879541 -0.362511256300232
-0.555555555555556 -0.407371853949759 0.280568940289846 -0.37079564511736
-0.535353535353535 -0.401316442764399 0.318950133114902 -0.378965519178168
-0.515151515151515 -0.394483980398839 0.357479533941165 -0.387005217742298
-0.494949494949495 -0.386872553160235 0.39604913403663 -0.394899019802278
-0.474747474747475 -0.378482491545612 0.434544836754088 -0.402631188151654
-0.454545454545454 -0.369316488710046 0.472846920410457 -0.410186015934554
-0.434343434343434 -0.359379708660686 0.51083059200022 -0.417547875487855
-0.414141414141414 -0.348679882379202 0.548366627805995 -0.424701269250111
-0.393939393939394 -0.337227390167592 0.585322095703316 -0.431630882475969
-0.373737373737374 -0.325035328629857 0.621561152738532 -0.438321637461503
-0.353535353535353 -0.31211956084345 0.656945910407295 -0.444758748955222
-0.333333333333333 -0.298498748438402 0.691337358994262 -0.450927780401891
-0.313131313131313 -0.284194364486422 0.724596341369752 -0.456814700642267
-0.292929292929293 -0.269230686305101 0.756584565792175 -0.462405940671668
-0.272727272727273 -0.25363476750093 0.787165646550534 -0.467688450044411
-0.252525252525252 -0.237436388806401 0.81620616071204 -0.472649752499806
-0.232323232323232 -0.220667987507996 0.843576708826528 -0.477278000378845
-0.212121212121212 -0.203364565510062 0.86915296719036 -0.481562027399108
-0.191919191919192 -0.185563576331139 0.89281671919392 -0.485491399358854
-0.171717171717172 -0.167304791580646 0.914456853371994 -0.489056462349812
-0.151515151515151 -0.14863014771153 0.933970316046029 -0.492248388071754
-0.131313131313131 -0.129583574084971 0.951263006889428 -0.495059215860452
-0.111111111111111 -0.110210803613087 0.966250606356896 -0.497481891063894
-0.0909090909090908 -0.090559167461466 0.978859324688763 -0.499510299429428
-0.0707070707070706 -0.0706773754921933 0.989026563121196 -0.501139297196454
-0.0505050505050504 -0.0506152843068211 0.996701478990472 -0.502364736625103
-0.0303030303030303 -0.0304236549049485 1.00184544759921 -0.503183486730506
-0.0101010101010101 -0.0101539021053238 1.00443241499761 -0.503593449034366
0.0101010101010102 0.0101421620192134 1.0044491372046 -0.503593568189996
0.0303030303030305 0.0304125883656703 1.00189530283211 -0.503183837383298
0.0505050505050506 0.0506055523100095 0.996783537559096 -0.502365298459702
0.0707070707070707 0.0706696141115391 0.989139290408257 -0.501140036775214
0.0909090909090911 0.0905539758369789 0.979000603285482 -0.499511170817971
0.111111111111111 0.110208732473149 0.966417766726524 -0.497482836694227
0.131313131313131 0.129585114971357 0.951452866236264 -0.495060167619142
0.151515151515152 0.14863572306917 0.934179224980801 -0.492249268597306
0.171717171717172 0.167314745864807 0.914680749881729 -0.489057186520224
0.191919191919192 0.185578168273944 0.893051189346435 -0.485491875947352
0.212121212121212 0.20338396167605 0.869393311930928 -0.481562160873293
0.232323232323232 0.220692257254726 0.843818016157691 -0.47727769281602
0.252525252525253 0.237465500751184 0.816443382487575 -0.472648905589056
0.272727272727273 0.253668587578684 0.787393679061588 -0.467686967144122
0.292929292929293 0.269268977485243 0.756798333277998 -0.462403728889615
0.313131313131313 0.284236788198796 0.724790881547499 -0.456811672904232
0.333333333333333 0.298544867739619 0.691507909672254 -0.450923857473933
0.353535353535354 0.312168845335888 0.657087996223966 -0.444753861384276
0.373737373737374 0.325087161126058 0.621670671055157 -0.438315727398949
0.393939393939394 0.337281075073091 0.585395400672426 -0.431623905349149
0.414141414141414 0.348734655747047 0.548400611639098 -0.42469319524751
0.434343434343434 0.359434749851299 0.510822762467905 -0.417538690824821
0.454545454545455 0.369370933570664 0.472795473625022 -0.410175723867953
0.474747474747475 0.378535447004626 0.434448724309264 -0.402619809713791
0.494949494949495 0.386923113113327 0.395908123610667 -0.394886594226712
0.515151515151515 0.394531242746169 0.357294262508107 -0.386991802556846
0.535353535353535 0.401359527441241 0.318722151954339 -0.37895118994341
0.555555555555556 0.407409921777156 0.280300751037357 -0.3707804947923
0.575757575757576 0.412686517126477 0.2421325879184 -0.362495394220429
0.595959595959596 0.417195408701351 0.204313474948099 -0.354111462221457
0.616161616161616 0.420944557797221 0.16693231807169 -0.345644130569176
0.636363636363636 0.423943651129883 0.130071019369965 -0.337108652536387
0.656565656565657 0.426203959125454 0.093804470361548 -0.328520069469107
0.676767676767677 0.427738194962988 0.0582006325303376 -0.319893180218977
0.696969696969697 0.428560376086915 0.0233207004538531 -0.311242513401153
0.717171717171717 0.4286856898028 -0.0107806580928517 -0.3025823024113
0.737373737373737 0.42813036444697 -0.0440549915858783 -0.293926463103915
0.757575757575758 0.426911547480452 -0.0764596910766587 -0.285288574005489
0.777777777777778 0.425047191702709 -0.107957561393261 -0.276681858910281
0.797979797979798 0.42255595061312 -0.138516345777253 -0.268119171683975
0.818181818181818 0.419457083770739 -0.168108212945123 -0.259612983081544
0.838383838383838 0.415770372817974 -0.196709215865279 -0.251175369370274
0.858585858585859 0.411516048644186 -0.224298731714629 -0.242818002537404
0.878787878787879 0.406714729973322 -0.250858892523666 -0.23455214185412
0.898989898989899 0.401387373468226 -0.27637401593881 -0.226388626563882
0.919191919191919 0.39555523525562 -0.30083004532952 -0.218337869463054
0.939393939393939 0.389239843592313 -0.324214008151167 -0.210409851145654
0.95959595959596 0.382462982217341 -0.346513501049572 -0.202614114691454
0.97979797979798 0.375246683768414 -0.367716209667423 -0.194959760587562
1 0.367613232486351 -0.387809470495259 -0.187455441687747
