-1 -0.367879441171442 -0.367879441171442 -0.183939720585721
-0.857142857142857 -0.411130516140038 -0.225142901695735 -0.239826134415022
-0.714285714285714 -0.428837886570289 -0.0122525110448654 -0.300186520599202
-0.571428571428571 -0.412241308774146 0.250289366041446 -0.360711145177378
-0.428571428571429 -0.356660357438701 0.526498622885701 -0.416103750345151
-0.285714285714286 -0.263317270656493 0.771143435494015 -0.460805223648862
-0.142857142857143 -0.139971239121958 0.939806891247431 -0.489899336926852
0 0 1 -0.5
0.142857142857143 0.139971239121958 0.939806891247431 -0.489899336926852
0.285714285714286 0.263317270656493 0.771143435494015 -0.460805223648862
0.428571428571429 0.356660357438701 0.526498622885701 -0.416103750345151
0.571428571428571 0.412241308774146 0.250289366041446 -0.360711145177378
0.714285714285714 0.428837886570289 -0.0122525110448652 -0.300186520599202
0.857142857142857 0.411130516140038 -0.225142901695735 -0.239826134415022
1 0.367879441171442 -0.367879441171442 -0.183939720585721
