101 0.01580993629304
101.1 0.0159370976145282
101.2 0.0160657983763443
101.3 0.0161960635132115
101.4 0.0163279184664411
101.5 0.0164613891963252
101.6 0.0165965021948855
101.7 0.0167332844989876
101.8 0.0168717637038352
101.9 0.0170119679768544
102 0.0171539260719832
102.1 0.0172976673443781
102.2 0.0174432217655529
102.3 0.0175906199389631
102.4 0.0177398931160531
102.5 0.0178910732127785
102.6 0.0180441928266236
102.7 0.0181992852541279
102.8 0.0183563845089406
102.9 0.0185155253404218
103 0.0186767432528074
103.1 0.0188400745249598
103.2 0.0190055562307228
103.3 0.0191732262599034
103.4 0.0193431233399017
103.5 0.0195152870580121
103.6 0.0196897578844206
103.7 0.0198665771959212
103.8 0.020045787300379
103.9 0.0202274314619666
104 0.0204115539272006
104.1 0.020598199951809
104.2 0.0207874158284592
104.3 0.0209792489153772
104.4 0.0211737476658934
104.5 0.0213709616589462
104.6 0.0215709416305824
104.7 0.021773739506488
104.8 0.0219794084355925
104.9 0.0221880028247828
105 0.0223995783747723
105.1 0.0226141921171671
105.2 0.0228319024527768
105.3 0.0230527691912157
105.4 0.0232768535918472
105.5 0.0235042184061204
105.6 0.0237349279213562
105.7 0.0239690480060375
105.8 0.0242066461566645
105.9 0.0244477915462357
106 0.0246925550744212
106.1 0.0249410094194935
106.2 0.0251932290920891
106.3 0.0254492904908731
106.4 0.0257092719601853
106.5 0.0259732538497473
106.6 0.0262413185765171
106.7 0.0265135506887781
106.8 0.026790036932556
106.9 0.0270708663204611
107 0.0273561302030555
107.1 0.0276459223428547
107.2 0.0279403389910727
107.3 0.0282394789672279
107.4 0.0285434437417328
107.5 0.0288523375215957
107.6 0.0291662673393681
107.7 0.0294853431454807
107.8 0.0298096779041133
107.9 0.0301393876927577
108 0.030474591805633
108.1 0.030815412861127
108.2 0.0311619769134433
108.3 0.0315144135686409
108.4 0.0318728561052683
108.5 0.0322374415997978
108.6 0.0326083110570808
108.7 0.0329856095460542
108.8 0.0333694863409413
108.9 0.0337600950682017
109 0.0341575938594998
109.1 0.0345621455109735
109.2 0.0349739176491031
109.3 0.0353930829034928
109.4 0.0358198190868953
109.5 0.03625430938283
109.6 0.0366967425411609
109.7 0.0371473130820219
109.8 0.0376062215085002
109.899999999999 0.0380736745285073
109.999999999999 0.038549885286296
110.099999999999 0.0390350736041023
110.199999999999 0.0395294662344224
110.299999999999 0.0400332971234625
110.399999999999 0.0405468076863274
110.499999999999 0.0410702470945516
110.599999999999 0.0416038725766062
110.699999999999 0.042147949732055
110.799999999999 0.0427027528600719
110.899999999999 0.0432685653030738
110.999999999999 0.0438456798062662
111.099999999999 0.0444343988939501
111.199999999999 0.0450350352634858
111.299999999999 0.0456479121978656
111.399999999999 0.0462733639979059
111.499999999999 0.0469117364351284
111.599999999999 0.0475633872264704
111.699999999999 0.04822868653203
111.799999999999 0.0489080174771328
111.899999999999 0.0496017767000831
111.999999999999 0.0503103749270523
112.099999999999 0.0510342375756482
112.199999999999 0.0517738053888094
112.299999999999 0.0525295351007749
112.399999999999 0.053301900136993
112.499999999999 0.0540913913499573
112.599999999999 0.0548985177930874
112.699999999999 0.055723807534915
112.799999999999 0.0565678085159864
112.899999999999 0.0574310894510565
112.999999999999 0.058314240779325
113.099999999999 0.0592178756656533
113.199999999999 0.0601426310559047
113.299999999999 0.0610891687897707
113.399999999999 0.0620581767746795
113.499999999999 0.0630503702246407
113.599999999999 0.0640664929681524
113.699999999999 0.0651073188295949
113.799999999999 0.0661736530888566
113.899999999999 0.0672663340242804
113.999999999999 0.0683862345443998
114.099999999999 0.0695342639143325
114.199999999999 0.0707113695831441
114.299999999999 0.0719185391189673
114.399999999999 0.0731568022591781
114.499999999999 0.0744272330834916
114.599999999999 0.0757309523184467
114.699999999999 0.0770691297824083
114.799999999999 0.0784429869809356
114.899999999999 0.0798537998631423
114.999999999999 0.0813029017505281
115.099999999999 0.0827916864506827
115.199999999999 0.0843216115692752
115.299999999999 0.0858942020348415
115.399999999999 0.087511053852083
115.499999999999 0.0891738381007053
115.599999999999 0.0908843051982565
115.699999999999 0.092644289447
115.799999999999 0.0944557138865724
115.899999999999 0.0963205954760636
115.999999999999 0.0982410506312214
116.099999999999 0.100219301144755
116.199999999999 0.102257680520198
116.299999999999 0.104358640752539
116.399999999999 0.106524759591842
116.499999999999 0.108758748329391
116.599999999999 0.111063460149571
116.699999999999 0.11344189909473
116.799999999999 0.115897229694728
116.899999999999 0.118432787317811
116.999999999999 0.121052089304919
117.099999999999 0.123758846955574
117.199999999999 0.126556978440195
117.299999999999 0.129450622721144
117.399999999999 0.132444154573057
117.499999999999 0.135542200802215
117.599999999999 0.138749657774963
117.699999999999 0.142071710376548
117.799999999999 0.145513852534543
117.899999999999 0.149081909455185
117.999999999999 0.15278206173689
118.099999999999 0.156620871543006
118.199999999999 0.16060531103582
118.299999999999 0.164742793296239
118.399999999999 0.169041205978734
118.499999999999 0.173508947979444
118.599999999999 0.178154969427269
118.699999999999 0.182988815343715
118.799999999999 0.188020673357954
118.899999999999 0.193261425909488
118.999999999999 0.198722707422879
119.099999999999 0.204416966998053
119.199999999999 0.210357537226741
119.299999999999 0.216558709821872
119.399999999999 0.223035818833614
119.499999999999 0.229805332324836
119.599999999999 0.236884953491982
119.699999999999 0.244293732346848
119.799999999999 0.252052189223195
119.899999999999 0.260182451542493
119.999999999999 0.268708405468909
120.099999999999 0.277655864309176
120.199999999999 0.287052755773035
120.299999999999 0.29692933051038
120.399999999999 0.307318394688893
120.499999999999 0.318255569778875
120.599999999999 0.329779583179804
120.699999999999 0.341932593867157
120.799999999999 0.354760557871782
120.899999999999 0.368313639143467
120.999999999999 0.382646672214554
121.099999999999 0.397819684090924
121.199999999999 0.413898483983605
121.299999999999 0.430955330886601
121.399999999999 0.449069690643717
121.499999999999 0.468329096074562
121.599999999999 0.488830126001839
121.699999999999 0.510679521702664
121.799999999999 0.533995462472045
121.899999999999 0.558909025726553
121.999999999999 0.585565861495539
122.099999999999 0.614128116368279
122.199999999999 0.64477664812851
122.299999999999 0.67771357957172
122.399999999999 0.713165248540725
122.499999999999 0.751385621217911
122.599999999999 0.792660247364891
122.699999999999 0.837310849667953
122.799999999999 0.885700654739284
122.899999999999 0.938240590629425
122.999999999999 0.995396494695343
123.099999999999 1.05769749572686
123.199999999999 1.12574575410177
123.299999999999 1.20022776109678
123.399999999999 1.28192740929797
123.499999999999 1.37174104357774
123.599999999999 1.47069467529801
123.699999999999 1.57996347353954
123.799999999999 1.70089350821373
123.899999999999 1.83502546713345
123.999999999999 1.98411963513186
124.099999999999 2.15018070599329
124.199999999999 2.33547984548087
124.299999999999 2.54256961645898
124.399999999999 2.77428460961574
124.499999999999 3.03371649730012
124.599999999999 3.32414628127362
124.699999999999 3.64890833086123
124.799999999999 4.01115036828511
124.899999999999 4.41344186838446
124.999999999999 4.85717376458777
125.099999999999 5.34169269103841
125.199999999999 5.863138035362
125.299999999999 6.4130228016393
125.399999999999 6.97674567879936
125.499999999999 7.53245053661886
125.599999999999 8.0509101646968
125.699999999999 8.49724385484672
125.799999999999 8.83502279503536
125.899999999999 9.03247709126112
125.999999999999 9.06928101217136
126.099999999999 8.9414992627821
126.199999999999 8.66259626180998
126.299999999999 8.26005162868488
126.399999999999 7.76907659097377
126.499999999999 7.22589017338926
126.599999999999 6.66257572143617
126.699999999999 6.10433630698824
126.799999999999 5.56889416597534
126.899999999999 5.06727372344854
126.999999999999 4.60520265982768
127.099999999999 4.18459654551845
127.199999999999 3.80484726103295
127.299999999999 3.46381962189178
127.399999999999 3.15856315414389
127.499999999998 2.88578891285297
127.599999999998 2.64217021457618
127.699999999998 2.42451965847849
127.799999999998 2.22988343792209
127.899999999998 2.0555827237245
127.999999999998 1.89922268432323
128.099999999998 1.75868281161591
128.199999999998 1.63209734541119
128.299999999998 1.51783127342161
128.399999999998 1.41445519365353
128.499999999998 1.32072091484953
128.599999999998 1.23553878254579
128.699999999998 1.15795717376274
128.799999999998 1.08714428024111
128.899999999998 1.02237211726699
128.999999999998 0.963002599415303
129.099999999998 0.90847548177301
129.199999999998 0.858297953622208
129.299999999998 0.812035677525743
129.399999999998 0.769305081842832
129.499999999998 0.729766733825363
129.599999999998 0.693119640625906
129.699999999998 0.659096345118657
129.799999999998 0.627458701533517
129.899999999998 0.597994232155801
129.999999999998 0.570512980657225
130.099999999998 0.544844790063575
130.199999999998 0.520836944076784
130.299999999998 0.498352119634983
130.399999999998 0.477266606401805
130.499999999998 0.457468755507135
130.599999999998 0.438857625482083
130.699999999998 0.421341798089891
130.799999999998 0.40483834078191
130.899999999998 0.389271895916158
130.999999999998 0.37457387976156
131.099999999998 0.360681776755633
131.199999999998 0.347538516556461
131.299999999998 0.335091923189602
131.399999999998 0.323294227086487
131.499999999998 0.312101632084031
131.599999999998 0.301473930540489
131.699999999998 0.291374160649093
131.799999999998 0.281768300823188
131.899999999998 0.2726249967051
131.999999999998 0.263915316932955
132.099999999998 0.255612534299793
132.199999999998 0.247691929369766
132.299999999998 0.240130613987293
132.399999999998 0.232907372435536
132.499999999998 0.226002518277755
132.599999999998 0.219397765155289
132.699999999998 0.213076110024352
132.799999999998 0.207021727495032
132.899999999998 0.201219874093635
132.999999999998 0.195656801407062
133.099999999998 0.190319677188095
133.199999999998 0.185196513605538
133.299999999998 0.180276101915236
133.399999999998 0.175547952908812
133.499999999998 0.171002242567885
133.599999999998 0.166629762414059
133.699999999998 0.162421874099959
133.799999999998 0.158370467835198
133.899999999998 0.154467924284047
133.999999999998 0.150707079609578
134.099999999998 0.147081193372685
134.199999999998 0.143583919024242
134.299999999998 0.140209276755177
134.399999999998 0.13695162849282
134.499999999998 0.133805654852894
134.599999999998 0.130766333875244
134.699999999998 0.127828921388111
134.799999999998 0.124988932860704
134.899999999998 0.122242126617197
134.999999999998 0.119584488297245
135.099999999998 0.11701221645886
135.199999999998 0.114521709229119
135.299999999998 0.112109551916861
135.399999999998 0.109772505509304
135.499999999998 0.10750749598155
135.599999999998 0.105311604354263
135.699999999998 0.103182057440538
135.799999999998 0.101116219228107
135.899999999998 0.099111582847727
135.999999999998 0.0971657630827861
136.099999999998 0.0952764893790246
136.199999999998 0.0934415993166965
136.299999999998 0.0916590325106763
136.399999999998 0.0899268249068583
136.499999999998 0.0882431034458005
136.599999999998 0.0866060810669289
136.699999999998 0.0850140520287728
136.799999999998 0.0834653875226633
136.899999999998 0.0819585315591203
136.999999999998 0.0804919971077845
137.099999999998 0.0790643624732485
137.199999999998 0.0776742678905034
137.299999999998 0.0763204123249688
137.399999999998 0.0750015504632172
137.499999999998 0.0737164898815536
137.599999999998 0.0724640883805712
137.699999999998 0.0712432514746881
137.799999999998 0.070052930026479
137.899999999998 0.0688921180163625
137.999999999998 0.0677598504388868
138.099999999998 0.0666552013174909
138.199999999998 0.0655772818301933
138.299999999998 0.0645252385392024
138.399999999998 0.0634982517179276
138.499999999998 0.0624955337693328
138.599999999998 0.061516327729989
138.699999999998 0.0605599058545722
138.799999999998 0.059625568275913
138.899999999998 0.0587126417360337
138.999999999998 0.0578204783839167
139.099999999998 0.056948454636034
139.199999999998 0.0560959700959268
139.299999999998 0.0552624465293731
139.399999999998 0.0544473268919049
139.499999999998 0.0536500744056468
139.599999999998 0.0528701716826446
139.699999999998 0.0521071198920313
139.799999999998 0.0513604379685501
139.899999999998 0.0506296618601065
139.999999999998 0.04991434381217
140.099999999998 0.0492140516869826
140.199999999998 0.048528368315654
140.299999999998 0.0478568908813452
140.399999999998 0.0471992303318505
140.499999999998 0.0465550108199885
140.599999999998 0.0459238691703129
140.699999999998 0.0453054543707377
140.799999999998 0.0446994270877595
140.899999999998 0.0441054592040348
140.999999999998 0.0435232333771433
141.099999999998 0.0429524426184381
141.199999999998 0.0423927898909452
141.299999999998 0.0418439877253358
141.399999999998 0.0413057578530508
141.499999999998 0.0407778308557079
141.599999999998 0.0402599458299733
141.699999999998 0.0397518500671231
141.799999999998 0.0392532987465651
141.899999999998 0.0387640546426306
141.999999999998 0.0382838878439856
142.099999999998 0.0378125754850437
142.199999999998 0.0373499014888003
142.299999999998 0.0368956563205351
142.399999999998 0.0364496367518641
142.499999999998 0.0360116456346459
142.599999999998 0.0355814916842764
142.699999999998 0.0351589892719289
142.799999999998 0.0347439582253213
142.899999999998 0.0343362236376128
142.999999999998 0.0339356156840539
143.099999999998 0.0335419694460325
143.199999999998 0.0331551247421775
143.299999999998 0.0327749259661996
143.399999999998 0.0324012219311624
143.499999999998 0.0320338657198964
143.599999999998 0.031672714541279
143.699999999998 0.0313176295921211
143.799999999998 0.0309684759244105
143.899999999998 0.0306251223176777
143.999999999998 0.0302874411562583
144.099999999998 0.0299553083112393
144.199999999998 0.0296286030268873
144.299999999998 0.0293072078113635
144.399999999998 0.0289910083315435
144.499999999998 0.0286798933117654
144.599999999998 0.0283737544363413
144.699999999998 0.0280724862556717
144.799999999998 0.027775986095812
144.899999999998 0.0274841539713481
144.999999999998 0.0271968925014419
145.099999999997 0.0269141068289165
145.199999999997 0.0266357045422567
145.299999999997 0.0263615956004044
145.399999999997 0.0260916922602353
145.499999999997 0.0258259090066095
145.599999999997 0.0255641624848902
145.699999999997 0.0253063714358341
145.799999999997 0.0250524566327557
145.899999999997 0.0248023408208787
145.999999999997 0.0245559486587851
146.099999999997 0.0243132066618812
146.199999999997 0.0240740431478012
146.299999999997 0.0238383881836726
146.399999999997 0.0236061735351718
146.499999999997 0.0233773326173001
146.599999999997 0.0231518004468153
146.699999999997 0.0229295135962539
146.799999999997 0.0227104101494854
146.899999999997 0.0224944296587387
146.999999999997 0.0222815131030472
147.099999999997 0.0220716028480573
147.199999999997 0.0218646426071515
147.299999999997 0.0216605774038353
147.399999999997 0.021459353535343
147.499999999997 0.0212609185374158
147.599999999997 0.0210652211502108
147.699999999997 0.0208722112852988
147.799999999997 0.0206818399937107
147.899999999997 0.020494059434997
147.999999999997 0.0203088228472604
148.099999999997 0.0201260845181306
148.199999999997 0.0199457997566438
148.299999999997 0.0197679248659979
148.399999999997 0.0195924171171509
148.499999999997 0.0194192347232327
148.599999999997 0.0192483368147427
148.699999999997 0.0190796834155049
148.799999999997 0.0189132354193549
148.899999999997 0.0187489545675328
148.999999999997 0.0185868034267581
149.099999999997 0.0184267453679636
149.199999999997 0.0182687445456644
149.299999999997 0.0181127658779421
149.399999999997 0.0179587750270221
149.499999999997 0.0178067383804249
149.599999999997 0.0176566230326716
149.699999999997 0.0175083967675245
149.799999999997 0.0173620280407465
149.899999999997 0.017217485963361
149.999999999997 0.0170747402853958
150.099999999997 0.0169337613800952
150.199999999997 0.0167945202285852
150.299999999997 0.0166569884049774
150.399999999997 0.0165211380618954
150.499999999997 0.0163869419164126
150.599999999997 0.016254373236387
150.699999999997 0.016123405827179
150.799999999997 0.0159940140187424
150.899999999997 0.0158661726530751
150.999999999997 0.0157398570720179
151.099999999997 0.0156150431053917
151.199999999997 0.0154917070594615
151.299999999997 0.0153698257057166
151.399999999997 0.0152493762699581
151.499999999997 0.0151303364216842
151.599999999997 0.0150126842637626
151.699999999997 0.0148963983223823
151.799999999997 0.0147814575372771
151.899999999997 0.0146678412522095
151.999999999997 0.0145555292057109
152.099999999997 0.0144445015220668
152.199999999997 0.0143347387025419
152.299999999997 0.014226221616837
152.399999999997 0.0141189314947706
152.499999999997 0.0140128499181789
152.599999999997 0.0139079588130272
152.699999999997 0.0138042404417267
152.799999999997 0.0137016773956511
152.899999999997 0.0136002525878458
152.999999999997 0.0134999492459254
153.099999999997 0.0134007509051529
153.199999999997 0.0133026414016966
153.299999999997 0.0132056048660577
153.399999999997 0.0131096257166655
153.499999999997 0.0130146886536343
153.599999999997 0.0129207786526774
153.699999999997 0.0128278809591738
153.799999999997 0.0127359810823841
153.899999999997 0.0126450647898095
153.999999999997 0.0125551181016915
154.099999999997 0.0124661272856478
154.199999999997 0.0123780788514405
154.299999999997 0.012290959545872
154.399999999997 0.0122047563478077
154.499999999997 0.012119456463318
154.599999999997 0.0120350473209404
154.699999999997 0.0119515165670551
154.799999999997 0.0118688520613732
154.899999999997 0.0117870418725327
154.999999999997 0.0117060742738007
155.099999999997 0.0116259377388783
155.199999999997 0.0115466209378053
155.299999999997 0.0114681127329622
155.399999999997 0.0113904021751668
155.499999999997 0.0113134784998628
155.599999999997 0.0112373311233985
155.699999999997 0.0111619496393916
155.799999999997 0.0110873238151801
155.899999999997 0.0110134435883553
155.999999999997 0.0109402990633746
156.099999999997 0.010867880508254
156.199999999997 0.0107961783513354
156.299999999997 0.010725183178129
156.399999999997 0.010654885728228
156.499999999997 0.010585276892293
156.599999999997 0.0105163477091059
156.699999999997 0.0104480893626899
156.799999999997 0.0103804931794952
156.899999999997 0.0103135506256474
156.999999999997 0.0102472533042581
157.099999999997 0.0101815929527958
157.199999999997 0.0101165614405153
157.299999999997 0.0100521507659441
157.399999999997 0.00998835305442503
157.499999999997 0.00992516055571254
157.599999999997 0.0098625656416225
157.699999999997 0.00980056080373332
157.799999999997 0.00973913865113757
157.899999999997 0.00967829190824252
157.999999999997 0.00961801341261866
158.099999999997 0.00955829611289486
158.199999999997 0.00949913306669898
158.299999999997 0.00944051743864302
158.399999999997 0.00938244249835142
158.499999999997 0.00932490161853171
158.599999999997 0.00926788827308635
158.699999999997 0.00921139603526475
158.799999999997 0.00915541857585461
158.899999999997 0.00909994966141141
158.999999999997 0.00904498315252544
