0.0223606797749979 0.00315684783092246 -0.0985829225032809
0.0204124145231932 0.0058967377577872 0.0896016439058709
0.0186338998124982 0.00216592304779832 -0.105911766843392
0.0170103454359943 0.00383318789050744 0.025533334457528
0.0155286242846124 0.0030102429902181 0.00789368649779476
0.0141761994280936 0.0028290535398665 -0.0417192107914747
0.0129412570738245 0.00271768351471167 0.0326066701019622
0.0118138622491609 0.00209872962617085 0.00135794098717346
0.0107845314085402 0.00181256272700188 -0.0272207046176901
0.00984517147521409 0.00219663640965718 -0.00406952959536755
0.00898751602307019 0.00203258022810158 0.00193646795395797
0.00820444210295778 0.00175792980047122 0.000571722025844656
0.0074896386984328 0.00139964570316604 -0.0115064147130367
0.00683713735930524 0.0014618119589621 0.00912018152771682
0.00624147256205541 0.00126844729997916 0.00390800888542059
0.00569765885714552 0.00122591094447543 0.00202800910526857
0.00520128341898723 0.00112477699976618 0.00355859832584482
0.00474814324551366 0.00102300054486925 -0.00451158352723308
0.00433445007969609 0.000950802290111289 0.00368073634233557
0.00395680586145574 0.000809638278200636 -0.00144499249561802
0.00361206246858879 0.000742597473946652 -0.00470716689460632
0.00329735040698467 0.000688173682869973 0.000530558734628261
0.00301005532984057 0.000640885530140851 0.000692079213907126
0.00274779200582056 0.000573247473899652 -0.00120770517349283
0.00250838575461434 0.000529525696865464 0.000294054165146496
0.00228983483581919 0.000478094858520845 -0.00194761970465768
0.00209032639430885 0.000442651362895801 0.000660665596505572
0.00190819889266972 0.000400683022290307 -0.000766706373777959
0.00174194088190217 0.000366791036273757 0.00128537623158409
0.00159016879981174 0.000335181972066016 0.000309606887925973
0.00145161886982968 0.000307020528817929 0.000164063651438895
0.00132514159728839 0.000278707311376021 0.000230410083338461
0.00120968341822251 0.00025577056959033 2.4117578598104E-06
0.00110428496066219 0.000232870858119131 0.000461110468867709
0.00100806963811398 0.000212684538305223 -0.00113287225715691
