0 0 
0.330693963535768 0.32469946920462 
0.661387927071535 0.614212712689363 
0.992081890607303 0.837166478262009 
1.32277585414307 0.969400265938865 
1.65346981767884 0.996584493006495 
1.98416378121461 0.915773326655057 
2.31485774475037 0.735723910672974 
2.64555170828614 0.475947393036831 
2.97624567182191 0.164594590280632 
3.30693963535768 -0.164594590280658 
3.63763359889344 -0.475947393036999 
3.96832756242921 -0.735723910673128 
4.29902152596498 -0.915773326654843 
4.62971548950075 -0.996584493006147 
4.96040945303652 -0.969400265938732 
5.29110341657228 -0.837166478262154 
5.62179738010805 -0.614212712689582 
5.95249134364382 -0.324699469204681 
6.28318530717959 -9.83970526920807E-16 
6.61387927071535 0.324699469204508 
