0 0.999999999998676 
0.314159265358979 0.95105651634912 
0.628318530717959 0.809016994557663 
0.942477796076938 0.587785252620059 
1.25663706143592 0.309016994814006 
1.5707963267949 4.8521535955787E-10 
1.88495559215388 -0.309016993918928 
2.19911485751286 -0.587785251929693 
2.51327412287183 -0.809016994142324 
2.82743338823081 -0.951056516194642 
3.14159265358979 -1.00000000000039 
3.45575191894877 -0.951056516341787 
3.76991118430775 -0.809016994405007 
4.08407044966673 -0.587785252251985 
4.39822971502571 -0.309016994232969 
4.71238898038469 2.42604046322743E-10 
5.02654824574367 0.309016994685119 
5.34070751110265 0.587785252612837 
5.65486677646163 0.809016994638376 
5.96902604182061 0.951056516442977 
6.28318530717959 0.999999999999439 
