0 0 
0.330693963535768 0.0541827582993475 
0.661387927071535 0.210859490603537 
0.992081890607303 0.453051841877423 
1.32277585414307 0.754514512858951 
1.65346981767884 1.08257934547197 
1.98416378121461 1.4016954246525 
2.31485774475037 1.67728157162518 
2.64555170828614 1.87947375120587 
2.97624567182191 1.98636130340206 
3.30693963535768 1.98636130340206 
3.63763359889344 1.87947375120587 
3.96832756242921 1.67728157162519 
4.29902152596498 1.4016954246525 
4.62971548950075 1.08257934547197 
4.96040945303652 0.75451451285895 
5.29110341657228 0.453051841877422 
5.62179738010805 0.210859490603534 
5.95249134364382 0.0541827582993456 
6.28318530717959 -1.91563616098317E-15 
6.61387927071535 0.0541827582993454 
