-3.96875 -1.399558161568990
-3.90625 -0.518751502711976
-3.84375 -0.350352455587209
-3.78125 -0.285268485404597
-3.71875 -0.256303456840443
-3.65625 -0.245718895737655
-3.59375 -0.247461244395454
-3.53125 -0.259777206198469
-3.46875 -0.283332495246399
-3.40625 -0.321060331864103
-3.34375 -0.378805298853127
-3.28125 -0.469967007511587
-3.21875 -0.622100254983087
-3.15625 -0.629007179424995
-3.09375 -1.599455424175390
-3.03125 -5.129655389699570
-2.96875 5.554496453726930
-2.90625 2.026373057468660
-2.84375 1.346667251163340
-2.78125 1.078671460436130
-2.71875 0.953128480125398
-2.65625 0.898409712540802
-2.59375 0.889313847046161
-2.53125 0.917338259388343
-2.46875 0.982809592885946
-2.40625 1.093611755412100
-2.34375 1.266630218040140
-2.28125 1.542079243397400
-2.21875 2.002385195726810
-2.15625 1.985303910060140
-2.09375 4.948315218542610
-2.03125 15.549267900026800
-1.96875 -16.489911347001800
-1.90625 -5.889146698268300
-1.84375 -3.829584995495740
-1.78125 -3.000054999338000
-1.71875 -2.591318055340930
-1.65625 -2.386400798936510
-1.59375 -2.306657790775980
-1.53125 -2.322012469076740
-1.46875 -2.426311182437180
-1.40625 -2.631503286460360
-1.34375 -2.968664573531590
-1.28125 -3.517868274000310
-1.21875 -4.442792153018860
-1.15625 -4.280811556067170
-1.09375 -10.360534988823600
-1.03125 -31.584450421929300
-0.96875 32.431830965136500
-0.90625 11.215874133271300
-0.84375 7.054937355579920
-0.78125 5.339883565050790
-0.71875 4.450910960895250
-0.65625 3.950226289691020
-0.59375 3.674454435807090
-0.53125 3.554158751392900
-0.46875 3.562521154144120
-0.40625 3.699703240813550
-0.34375 3.992859698829590
-0.28125 4.511810727396090
-0.21875 5.420426179473350
-0.15625 7.157290278980960
-0.09375 11.150250532212600
-0.03125 32.113767550741300
0.03125 31.937915225967100
0.09375 10.353086883592100
0.15625 5.959291691685680
0.21875 4.176474172440770
0.28125 3.202735710437010
0.34375 2.595334270392120
0.40625 2.184262088379800
0.46875 1.890372705055900
0.53125 1.671900413516570
0.59375 1.504764451408650
0.65625 1.374132992777610
0.71875 1.270391974966570
0.78125 1.187051273046540
0.84375 1.119583148986910
0.90625 1.064742560060970
0.96875 1.020151474547350
1.03125 0.998059850811472
1.09375 0.970601895336755
1.15625 0.931139326825887
1.21875 0.913603725221418
1.28125 0.900769418560408
1.34375 0.892146155447292
1.40625 0.887356473404292
1.46875 0.886112205494955
1.53125 0.888197094680678
1.59375 0.893453893023887
1.65625 0.901774776510305
1.71875 0.913094232007224
1.78125 0.927383807067608
1.84375 0.944648281957702
1.90625 0.964922945055253
1.96875 0.988271740967746
2.03125 1.014786124897510
2.09375 1.044584503765480
2.15625 1.556815656326270
2.21875 1.114641734137760
2.28125 1.155273821822140
2.34375 1.199938336352210
2.40625 1.247559004505990
2.46875 1.301067027128050
2.53125 1.359507547466470
2.59375 1.423252132821280
2.65625 1.492714229369490
2.71875 1.568352876326670
2.78125 1.650676921238880
2.84375 1.740249781662070
2.90625 1.837694806146960
2.96875 1.943701295672200
3.03125 2.061284316198070
3.09375 2.187098804758980
3.15625 3.356883758953520
3.21875 2.473111347618150
3.28125 2.635468406031750
3.34375 2.812355475825500
3.40625 3.001938854592540
3.46875 3.212009223222360
3.53125 3.441253479524490
3.59375 3.691560219505200
3.65625 3.965022171762720
3.71875 4.263959382513140
3.78125 4.590945187195630
3.84375 4.948835316601510
3.90625 5.340800530364620
3.96875 5.770363221526850
4.03125 6.248268083475410
4.09375 6.766336927223100
4.15625 10.595164364197000
4.21875 7.960327150145920
4.28125 8.647630707291690
4.34375 9.403813622291530
4.40625 10.225354223455800
4.46875 11.141656993052600
4.53125 12.151926349570900
4.59375 13.266544538846800
4.65625 14.497112315507400
4.71875 15.856598953720800
4.78125 17.359511489083500
4.84375 19.022085748187000
4.90625 20.862502071736800
4.96875 22.901129035434700
5.03125 25.188330711510200
5.09375 27.699691795819600
5.15625 44.036151888694000
5.21875 33.582630164678100
5.28125 37.022668965592500
5.34375 40.847815421828800
5.40625 45.055467047102300
5.46875 49.789279687703700
5.53125 55.063416271492900
5.59375 60.943188975327500
5.65625 67.502179219081500
5.71875 74.823326312869800
5.78125 83.000164307180400
5.84375 92.138227842781000
5.90625 102.356650789459000
5.96875 113.789984894816000
