0 0 0
0.418879020478639 0.418879020478639 0.4067366430758
0.837758040957278 0.80056872858563 0.743144825477394
1.25663706143592 1.13112313218161 0.951056516295154
1.67551608191456 1.26990853939803 0.994521895368273
2.0943951023932 1.3013976528447 0.866025403784439
2.51327412287183 1.13313586683531 0.587785252292473
2.93215314335047 0.827942126793052 0.207911690817759
3.35103216382911 0.45483608091255 -0.207911690817759
3.76991118430775 0.0416700243051833 -0.587785252292473
4.18879020478639 -0.303355497935581 -0.866025403784438
4.60766922526503 -0.587054539246405 -0.994521895368273
5.02654824574367 -0.634756257008971 -0.951056516295154
5.44542726622231 -0.572195904536875 -0.743144825477394
5.86430628670095 -0.343090795809957 -0.4067366430758
6.28318530717959 0.0179179110973167 -1.1330996904646E-15
6.70206432765823 0.414100910852687 0.4067366430758
