0 1
0.661387927071535 0.789140509396394
1.32277585414307 0.245485487140799
1.98416378121461 -0.401695424652969
2.64555170828614 -0.879473751206489
3.30693963535768 -0.986361303402722
3.96832756242921 -0.677281571625741
4.62971548950075 -0.0825793454723327
5.29110341657228 0.546948158122427
5.95249134364382 0.945817241700635
6.61387927071535 0.945817241700635
7.27526719778689 0.546948158122428
7.93665512485842 -0.0825793454723323
8.59804305192996 -0.677281571625742
9.2594309790015 -0.986361303402722
9.92081890607303 -0.879473751206489
10.5822068331446 -0.40169542465297
11.2435947602161 0.2454854871408
11.9049826872876 0.789140509396393
12.5663706143592 1
