0 1 
0.837758040957278 0.644165836794902 
1.67551608191456 -0.0996776658158773 
2.51327412287183 -0.783918085895785 
3.35103216382911 -0.965755987950924 
4.18879020478639 -0.479047496241272 
5.02654824574367 0.295137156684523 
5.86430628670095 0.89263469722354 
6.70206432765823 0.892634697223541 
7.5398223686155 0.295137156684523 
8.37758040957278 -0.479047496241271 
9.21533845053006 -0.965755987950923 
10.0530964914873 -0.783918085895785 
10.8908545324446 -0.0996776658158767 
11.7286125734019 0.644165836794902 
12.5663706143592 0.999999999999999 
13.4041286553165 1.2670886880979 
