Random symmetric 6x6 matrix: A=
    2.487     3.541     3.201     7.043     7.979     5.563 
    3.541     9.439     9.898     7.018     1.695     7.167 
    3.201     9.898     6.821     9.498     7.938     6.993 
    7.043     7.018     9.498     0.934     3.072     0.136 
    7.979     1.695     7.938     3.072     8.230     9.919 
    5.563     7.167     6.993     0.136     9.919     8.063 
Eigenvalue decomposition on A, D=V^TAV:
   -9.885     0.000     0.000     0.000     0.000     0.000 
    0.000    -5.531     0.000     0.000     0.000     0.000 
    0.000     0.000    -0.369     0.000     0.000     0.000 
    0.000     0.000     0.000     4.223     0.000     0.000 
    0.000     0.000     0.000     0.000    10.424     0.000 
    0.000     0.000     0.000     0.000     0.000    37.112 
The eigenvalues:-9.885 -5.531 -0.369 4.223 10.424 37.112 

D is a diagonal matrix with the eigenvalues in the diagonal.

0 9.85121126943666 9.86960440108936
1 39.1847852966239 39.4784176043574
2 87.3454585100663 88.8264396098042
3 153.257401053292 157.91367041743
4 235.448249046093 246.740110027234
5 332.081994760597 355.305758439217
0 0
0.0476190476190476 0.045995442160239
0.0952380952380952 0.090963422632172
0.142857142857143 0.133899430050781
0.19047619047619 0.173844344996685
0.238095238095238 0.209905864823104
0.285714285714286 0.241278434357128
0.333333333333333 0.267261241866432
0.380952380952381 0.287273875033735
0.428571428571429 0.300869284903423
0.476190476190476 0.307743771994413
0.523809523809524 0.307743771800122
0.571428571428571 0.300869284763767
0.619047619047619 0.287273875239668
0.666666666666667 0.267261241867016
0.714285714285714 0.241278434082187
0.761904761904762 0.209905864909008
0.80952380952381 0.173844345260987
0.857142857142857 0.133899429877401
0.904761904761905 0.0909634224981748
0.952380952380952 0.0459954424871744
1 0
0 0
0.0476190476190476 -0.0909634216209072
0.0952380952380952 -0.173844344465075
0.142857142857143 -0.241278433496103
0.19047619047619 -0.287273875329791
0.238095238095238 -0.307743773443034
0.285714285714286 -0.300869285794598
0.333333333333333 -0.267261241394292
0.380952380952381 -0.209905863920316
0.428571428571429 -0.133899429307245
0.476190476190476 -0.0459954418406652
0.523809523809524 0.0459954422868101
0.571428571428571 0.133899428737483
0.619047619047619 0.209905863646566
0.666666666666667 0.267261242029146
0.714285714285714 0.300869285851601
0.761904761904762 0.307743772844889
0.80952380952381 0.287273875488072
0.857142857142857 0.241278433902237
0.904761904761905 0.173844344227707
0.952380952380952 0.0909634215032692
1 0
0 0
0.0476190476190476 0.133899428867027
0.0952380952380952 0.241278433825617
0.142857142857143 0.300869286104443
0.19047619047619 0.300869285168679
0.238095238095238 0.24127843258156
0.285714285714286 0.133899428208057
0.333333333333333 -1.31060475623276E-09
0.380952380952381 -0.13389943093774
0.428571428571429 -0.241278434895113
0.476190476190476 -0.300869286371354
0.523809523809524 -0.300869286945965
0.571428571428571 -0.241278434595805
0.619047619047619 -0.133899428969156
0.666666666666667 -6.23235799908364E-10
0.714285714285714 0.133899427712199
0.761904761904762 0.241278433091701
0.80952380952381 0.300869285061604
0.857142857142857 0.30086928438191
0.904761904761905 0.241278432814629
0.952380952380952 0.133899428908232
1 0
