0 0.000999 0
0.125 0.110005637792813 0.110312112823074
0.25 0.19242585523154 0.194700195767851
0.375 0.253822720605199 0.257733479546615
0.5 0.298033037859904 0.303265329856317
0.625 0.328268845000365 0.334538392824369
0.75 0.347217982732786 0.354274914555761
0.875 0.357125821709809 0.364754267218695
1 0.359863510980836 0.367879441171442
1.125 0.356985663669167 0.365234025778143
1.25 0.349779352306526 0.358130996075238
1.375 0.339305802091678 0.347654444231526
1.5 0.326435889437162 0.334695240222645
1.625 0.311880361098901 0.319981472206815
1.75 0.296215544002856 0.304104401038279
1.875 0.279905199772499 0.287540562834241
2 0.263319082138504 0.270670566473225
2.125 0.246748674952758 0.253795057566779
2.25 0.230420520259092 0.237148255264195
2.375 0.214507487637926 0.220909411875326
2.5 0.199138286154512 0.205212496559747
2.625 0.184405477445387 0.19015436221491
2.75 0.170372211708202 0.175801618318446
2.875 0.157077876742803 0.16219640107336
3 0.144542822987368 0.149361205103592
3.125 0.132772304097014 0.137302917573148
3.25 0.12175975250354 0.126016175453097
3.375 0.111489492099002 0.115486149301873
3.5 0.101938975316613 0.105690841978115
3.625 0.0930806191093732 0.0966029778442886
3.75 0.0848833033562059 0.0881915469600341
3.875 0.0773135858111689 0.0804230592605865
4 0.0703366796400806 0.0732625555549367
4.125 0.0639172326664103 0.0666744151761842
4.25 0.0580199415245966 0.0606229941132468
4.375 0.0526100288476985 0.0550731223106487
4.5 0.0476536072822871 0.0499904844220904
4.625 0.0431179504208769 0.045341904540676
4.75 0.0389716875849129 0.041095552214823
4.875 0.0351849366991025 0.0372210843169423
5 0.0317293872096249 0.0336897349954273
5.125 0.0285783430503398 0.0304743639519195
5.25 0.025706734011542 0.0275494715957023
5.375 0.0230911024657733 0.0248911881927412
5.5 0.0207095712247981 0.0224772429115524
5.625 0.0185417973019047 0.0202869176400885
5.75 0.0165689155184196 0.0183009895799306
5.875 0.0147734751854096 0.0165016658928374
6 0.0131393725097423 0.0148725130599982
6.125 0.0116517808771742 0.0133983830988702
6.25 0.0102970807684782 0.0120653383514232
6.375 0.00906279072543777 0.0108605761982414
6.5 0.0079375005198026 0.00977235475435422
6.625 0.00691080745242186 0.00878992035555382
6.75 0.00597325654762268 0.00790343744034043
6.875 0.00511628526310379 0.0071039212657025
7 0.0043321732520233 0.00638317375888161
7.125 0.00361399763040647 0.00573372269713787
7.25 0.00295559416569122 0.00514876431910848
7.375 0.00235152479083308 0.00462210940105737
7.5 0.00179705183881059 0.00414813277610875
7.625 0.00128811941762193 0.00372172623186604
7.75 0.000821342395045443 0.00333825468946158
7.875 0.000394003513036112 0.00299351554322203
8 4.05922657821794E-06 0.00268370102322009
